1.80060E-1
1.80040E-1
1.80040E-1
1.80020E-1
1.80010E-1
1.80000E-1
1.79980E-1
1.79970E-1
1.79960E-1
1.79940E-1
1.79930E-1
1.79920E-1
1.79910E-1
1.79890E-1
1.79890E-1
1.79880E-1
1.79880E-1
1.79850E-1
1.79830E-1
1.79820E-1
1.79810E-1
1.79790E-1
1.79780E-1
1.79760E-1
1.79620E-1
1.79540E-1
1.79460E-1
1.79410E-1
1.79360E-1
1.79310E-1
1.79250E-1
1.79160E-1
1.79110E-1
1.79080E-1
1.79030E-1
1.78990E-1
1.78950E-1
1.78870E-1
1.78830E-1
1.78790E-1
1.78750E-1
1.78710E-1
1.78690E-1
1.78600E-1
1.78560E-1
1.78540E-1
1.78510E-1
1.78460E-1
1.78430E-1
1.78400E-1
1.78330E-1
1.78300E-1
1.78270E-1
1.78230E-1
1.78190E-1
1.78160E-1
1.78110E-1
1.78080E-1
1.78040E-1
1.78010E-1
1.77990E-1
1.77950E-1
1.77920E-1
1.77850E-1
1.77830E-1
1.77790E-1
1.77760E-1
1.77730E-1
1.77700E-1
1.77640E-1
1.77610E-1
1.77580E-1
1.77550E-1
1.77520E-1
1.77490E-1
1.77460E-1
1.77400E-1
1.77370E-1
1.77340E-1
1.77310E-1
1.77280E-1
1.77250E-1
1.77180E-1
1.77160E-1
1.77130E-1
1.77100E-1
1.77070E-1
1.77040E-1
1.77010E-1
1.76940E-1
1.76920E-1
1.76890E-1
1.76860E-1
1.76840E-1
1.76800E-1
1.76740E-1
1.76710E-1
1.76690E-1
1.76650E-1
1.76620E-1
1.76600E-1
1.76560E-1
1.76510E-1
1.76470E-1
1.76450E-1
1.76420E-1
1.76390E-1
1.76360E-1
1.76290E-1
1.76260E-1
1.76230E-1
1.76220E-1
1.76190E-1
1.76150E-1
1.76090E-1
1.76070E-1
1.76030E-1
1.76000E-1
1.75970E-1
1.75930E-1
1.75910E-1
1.75860E-1
1.75830E-1
1.75800E-1
1.75770E-1
1.75740E-1
