1.76690E-1
1.76650E-1
1.76630E-1
1.76610E-1
1.76590E-1
1.76570E-1
1.76550E-1
1.76510E-1
1.76490E-1
1.76470E-1
1.76450E-1
1.76430E-1
1.76410E-1
1.76390E-1
1.76350E-1
1.76330E-1
1.76310E-1
1.76290E-1
1.76270E-1
1.76260E-1
1.76210E-1
1.76190E-1
1.76170E-1
1.76160E-1
1.76140E-1
1.76120E-1
1.76080E-1
1.76060E-1
1.76040E-1
1.76020E-1
1.76000E-1
1.75980E-1
1.75960E-1
1.75920E-1
1.75900E-1
1.75880E-1
1.75860E-1
1.75840E-1
1.75820E-1
1.75780E-1
1.75760E-1
1.75740E-1
1.75720E-1
1.75700E-1
1.75680E-1
1.75660E-1
1.75620E-1
1.75600E-1
1.75580E-1
1.75560E-1
1.75550E-1
1.75520E-1
1.75480E-1
1.75460E-1
1.75450E-1
1.75430E-1
1.75410E-1
1.75370E-1
1.75350E-1
1.75330E-1
1.75310E-1
1.75290E-1
1.75270E-1
1.75230E-1
1.75210E-1
1.75190E-1
1.75170E-1
1.75150E-1
1.75130E-1
1.75110E-1
1.75070E-1
1.75060E-1
1.75030E-1
1.75020E-1
1.75000E-1
1.74980E-1
1.74940E-1
1.74920E-1
1.74900E-1
1.74880E-1
1.74860E-1
1.74840E-1
1.74820E-1
1.74780E-1
1.74760E-1
1.74750E-1
1.74720E-1
1.74700E-1
1.74690E-1
1.74650E-1
1.74630E-1
1.74610E-1
1.74590E-1
1.74570E-1
1.74550E-1
1.74530E-1
1.74490E-1
1.74470E-1
1.74450E-1
1.74440E-1
1.74410E-1
1.74390E-1
1.74360E-1
1.74340E-1
1.74320E-1
1.74300E-1
1.74280E-1
1.74260E-1
1.74220E-1
1.74200E-1
1.74180E-1
1.74160E-1
1.74140E-1
1.74120E-1
1.74100E-1
1.74060E-1
1.74050E-1
1.74030E-1
1.74010E-1
1.73990E-1
1.73970E-1
1.73930E-1
1.73910E-1
1.73890E-1
1.73870E-1
1.73850E-1
1.73840E-1
1.73800E-1
1.73780E-1
1.73760E-1
1.73740E-1
1.73720E-1
1.73700E-1
1.73680E-1
1.73640E-1
1.73620E-1
1.73600E-1
1.73580E-1
1.73560E-1
1.73550E-1
1.73510E-1
1.73490E-1
1.73470E-1
1.73450E-1
1.73430E-1
1.73410E-1
1.73390E-1
1.73350E-1
1.73330E-1
1.73320E-1
1.73300E-1
1.73280E-1
1.73260E-1
1.73220E-1
1.73200E-1
1.73180E-1
1.73160E-1
1.73140E-1
1.73130E-1
1.73080E-1
1.73070E-1
1.73050E-1
1.73030E-1
1.73010E-1
1.72990E-1
1.72970E-1
1.72940E-1
1.72920E-1
1.72900E-1
1.72870E-1
1.72860E-1
1.72840E-1
1.72800E-1
1.72780E-1
1.72760E-1
1.72740E-1
1.72720E-1
1.72710E-1
1.72690E-1
1.72650E-1
1.72630E-1
1.72610E-1
1.72590E-1
1.72570E-1
1.72550E-1
1.72520E-1
1.72500E-1
1.72480E-1
1.72460E-1
1.72440E-1
1.72420E-1
1.72380E-1
1.72370E-1
1.72350E-1
1.72330E-1
1.72310E-1
1.72290E-1
1.72270E-1
1.72230E-1
1.72210E-1
1.72190E-1
1.72180E-1
1.72160E-1
1.72140E-1
1.72100E-1
1.72080E-1
1.72070E-1
1.72040E-1
1.72020E-1
1.72010E-1
1.71990E-1
1.71950E-1
1.71930E-1
1.71910E-1
1.71900E-1
1.71870E-1
1.71860E-1
1.71820E-1
1.71800E-1
1.71780E-1
1.71760E-1
1.71750E-1
1.71730E-1
1.71710E-1
1.71670E-1
1.71650E-1
1.71630E-1
1.71620E-1
1.71600E-1
1.71580E-1
1.71540E-1
1.71520E-1
1.71500E-1
1.71480E-1
1.71470E-1
1.71450E-1
1.71410E-1
1.71390E-1
1.71370E-1
1.71350E-1
1.71330E-1
1.71310E-1
1.71300E-1
1.71260E-1
1.71240E-1
1.71220E-1
1.71200E-1
1.71190E-1
1.71160E-1
1.71130E-1
1.71110E-1
1.71090E-1
1.71070E-1
1.71060E-1
1.71040E-1
1.71020E-1
1.70980E-1
1.70960E-1
1.70950E-1
1.70930E-1
1.70910E-1
1.70890E-1
1.70850E-1
1.70830E-1
1.70820E-1
1.70800E-1
1.70780E-1
1.70760E-1
1.70720E-1
1.70710E-1
1.70690E-1
1.70670E-1
1.70650E-1
1.70640E-1
1.70620E-1
1.70580E-1
1.70560E-1
1.70540E-1
1.70520E-1
1.70510E-1
1.70490E-1
1.70450E-1
1.70430E-1
1.70410E-1
1.70390E-1
1.70380E-1
1.70360E-1
1.70340E-1
1.70300E-1
1.70280E-1
1.70270E-1
1.70250E-1
1.70230E-1
1.70210E-1
1.70180E-1
1.70160E-1
1.70140E-1
1.70120E-1
1.70100E-1
1.70080E-1
1.70060E-1
1.70030E-1
1.70010E-1
1.69990E-1
1.69980E-1
1.69950E-1
1.69940E-1
1.69900E-1
1.69880E-1
1.69860E-1
1.69850E-1
1.69830E-1
1.69810E-1
1.69770E-1
1.69750E-1
1.69730E-1
1.69710E-1
1.69700E-1
1.69680E-1
1.69660E-1
1.69630E-1
1.69610E-1
1.69580E-1
1.69570E-1
1.69550E-1
1.69530E-1
1.69500E-1
1.69480E-1
1.69460E-1
1.69450E-1
1.69420E-1
1.69410E-1
1.69370E-1
1.69350E-1
1.69330E-1
1.69320E-1
1.69300E-1
1.69280E-1
1.69260E-1
1.69220E-1
1.69210E-1
1.69190E-1
1.69170E-1
1.69150E-1
1.69130E-1
1.69100E-1
1.69080E-1
1.69060E-1
1.69040E-1
1.69020E-1
1.69010E-1
1.68990E-1
1.68950E-1
1.68940E-1
1.68920E-1
1.68900E-1
1.68880E-1
1.68870E-1
1.68830E-1
1.68810E-1
1.68790E-1
1.68770E-1
1.68760E-1
1.68740E-1
1.68720E-1
1.68690E-1
1.68670E-1
1.68650E-1
1.68630E-1
1.68610E-1
1.68600E-1
1.68560E-1
1.68540E-1
1.68520E-1
1.68510E-1
1.68490E-1
1.68470E-1
1.68440E-1
1.68420E-1
1.68400E-1
1.68380E-1
1.68360E-1
1.68340E-1
1.68330E-1
1.68290E-1
1.68280E-1
1.68260E-1
1.68240E-1
1.68220E-1
1.68200E-1
1.68170E-1
1.68150E-1
1.68130E-1
1.68110E-1
1.68100E-1
1.68080E-1
1.68050E-1
1.68030E-1
1.68010E-1
1.67990E-1
1.67970E-1
1.67960E-1
1.67940E-1
1.67900E-1
1.67880E-1
1.67870E-1
1.67850E-1
1.67830E-1
1.67810E-1
1.67780E-1
1.67760E-1
1.67740E-1
1.67720E-1
1.67710E-1
1.67690E-1
1.67670E-1
1.67640E-1
1.67620E-1
1.67600E-1
1.67580E-1
1.67570E-1
1.67550E-1
1.67520E-1
1.67500E-1
1.67480E-1
1.67460E-1
1.67450E-1
1.67430E-1
1.67380E-1
1.67370E-1
1.67360E-1
1.67340E-1
1.67320E-1
1.67300E-1
1.67290E-1
1.67240E-1
1.67230E-1
1.67220E-1
1.67200E-1
1.67180E-1
1.67160E-1
1.67130E-1
1.67110E-1
1.67090E-1
1.67070E-1
1.67060E-1
1.67040E-1
1.66980E-1
1.66970E-1
1.66960E-1
1.66940E-1
1.66930E-1
1.66920E-1
1.66900E-1
1.66870E-1
1.66850E-1
1.66830E-1
1.66810E-1
1.66800E-1
1.66770E-1
1.66740E-1
1.66720E-1
1.66710E-1
1.66690E-1
1.66670E-1
1.66660E-1
1.66640E-1
1.66600E-1
1.66590E-1
1.66570E-1
1.66550E-1
1.66530E-1
1.66520E-1
1.66480E-1
1.66460E-1
1.66440E-1
1.66430E-1
1.66410E-1
1.66390E-1
1.66380E-1
1.66340E-1
1.66330E-1
1.66310E-1
1.66290E-1
1.66280E-1
1.66260E-1
1.66230E-1
1.66210E-1
1.66190E-1
1.66170E-1
1.66150E-1
1.66140E-1
1.66100E-1
1.66080E-1
1.66070E-1
1.66050E-1
1.66030E-1
1.66010E-1
1.66000E-1
1.65960E-1
1.65950E-1
1.65930E-1
1.65910E-1
1.65900E-1
1.65880E-1
1.65850E-1
1.65830E-1
1.65810E-1
1.65790E-1
1.65780E-1
1.65760E-1
1.65740E-1
1.65710E-1
1.65690E-1
1.65670E-1
1.65650E-1
1.65640E-1
1.65620E-1
1.65590E-1
1.65570E-1
1.65550E-1
1.65540E-1
1.65520E-1
1.65500E-1
1.65470E-1
1.65450E-1
1.65440E-1
1.65420E-1
1.65400E-1
1.65390E-1
1.65360E-1
1.65330E-1
1.65310E-1
1.65300E-1
1.65280E-1
1.65260E-1
1.65250E-1
1.65210E-1
1.65200E-1
1.65170E-1
1.65160E-1
1.65140E-1
1.65130E-1
1.65110E-1
1.65080E-1
1.65060E-1
1.65040E-1
1.65020E-1
1.65010E-1
1.64990E-1
1.64960E-1
1.64940E-1
1.64920E-1
1.64910E-1
1.64890E-1
1.64870E-1
1.64860E-1
1.64820E-1
1.64810E-1
1.64790E-1
1.64770E-1
1.64750E-1
1.64740E-1
1.64710E-1
1.64690E-1
1.64670E-1
1.64650E-1
1.64640E-1
1.64620E-1
1.64600E-1
1.64570E-1
1.64550E-1
1.64540E-1
1.64520E-1
1.64500E-1
1.64490E-1
1.64450E-1
1.64430E-1
1.64420E-1
1.64400E-1
1.64380E-1
1.64370E-1
1.64330E-1
1.64320E-1
1.64300E-1
1.64280E-1
1.64270E-1
1.64250E-1
1.64230E-1
1.64200E-1
1.64180E-1
1.64170E-1
1.64150E-1
1.64130E-1
1.64120E-1
1.64090E-1
1.64060E-1
1.64050E-1
1.64030E-1
1.64020E-1
1.64000E-1
1.63970E-1
1.63950E-1
1.63930E-1
1.63920E-1
1.63900E-1
1.63880E-1
1.63870E-1
1.63830E-1
1.63820E-1
1.63800E-1
1.63780E-1
1.63770E-1
1.63750E-1
1.63720E-1
1.63700E-1
1.63680E-1
1.63670E-1
1.63650E-1
1.63640E-1
1.63620E-1
1.63590E-1
1.63570E-1
1.63550E-1
1.63540E-1
1.63520E-1
1.63500E-1
1.63470E-1
1.63450E-1
1.63440E-1
1.63420E-1
1.63400E-1
1.63390E-1
1.63370E-1
1.63340E-1
1.63320E-1
1.63310E-1
1.63290E-1
1.63270E-1
1.63250E-1
1.63220E-1
1.63210E-1
1.63190E-1
1.63170E-1
1.63160E-1
1.63140E-1
1.63110E-1
1.63090E-1
1.63070E-1
1.63060E-1
1.63040E-1
1.63030E-1
1.63010E-1
1.62980E-1
1.62960E-1
1.62940E-1
1.62930E-1
1.62910E-1
1.62890E-1
1.62860E-1
1.62850E-1
1.62830E-1
1.62810E-1
1.62800E-1
1.62780E-1
1.62760E-1
1.62730E-1
1.62710E-1
1.62700E-1
1.62680E-1
1.62660E-1
1.62650E-1
1.62620E-1
1.62600E-1
1.62590E-1
1.62570E-1
1.62550E-1
1.62540E-1
1.62520E-1
1.62490E-1
1.62470E-1
1.62460E-1
1.62440E-1
1.62420E-1
1.62410E-1
1.62380E-1
1.62360E-1
1.62340E-1
1.62320E-1
1.62310E-1
1.62300E-1
1.62280E-1
1.62250E-1
1.62230E-1
1.62210E-1
1.62200E-1
1.62180E-1
1.62160E-1
1.62130E-1
1.62110E-1
1.62100E-1
1.62080E-1
1.62070E-1
1.62050E-1
1.62030E-1
1.62000E-1
1.61990E-1
1.61970E-1
1.61950E-1
1.61940E-1
1.61920E-1
1.61890E-1
1.61880E-1
1.61860E-1
1.61840E-1
1.61820E-1
1.61810E-1
1.61780E-1
1.61760E-1
1.61740E-1
1.61730E-1
1.61710E-1
1.61700E-1
1.61680E-1
1.61650E-1
1.61630E-1
1.61620E-1
1.61600E-1
1.61590E-1
1.61570E-1
1.61540E-1
1.61520E-1
1.61510E-1
1.61490E-1
1.61470E-1
1.61460E-1
1.61440E-1
1.61410E-1
1.61390E-1
1.61380E-1
1.61360E-1
1.61350E-1
1.61330E-1
1.61300E-1
1.61280E-1
1.61270E-1
1.61250E-1
1.61240E-1
1.61220E-1
1.61210E-1
1.61170E-1
1.61160E-1
1.61140E-1
1.61120E-1
1.61110E-1
1.61090E-1
1.61060E-1
1.61040E-1
1.61030E-1
1.61010E-1
1.61000E-1
1.60980E-1
1.60950E-1
1.60930E-1
1.60920E-1
1.60900E-1
1.60890E-1
1.60870E-1
1.60860E-1
1.60820E-1
1.60810E-1
1.60790E-1
1.60770E-1
1.60760E-1
1.60740E-1
1.60710E-1
1.60690E-1
1.60680E-1
1.60670E-1
1.60650E-1
1.60630E-1
1.60620E-1
1.60580E-1
1.60570E-1
1.60550E-1
1.60540E-1
1.60520E-1
1.60510E-1
1.60480E-1
1.60460E-1
1.60450E-1
1.60430E-1
1.60410E-1
1.60400E-1
1.60370E-1
1.60350E-1
1.60330E-1
1.60320E-1
1.60300E-1
1.60290E-1
1.60260E-1
1.60240E-1
1.60230E-1
1.60210E-1
1.60190E-1
1.60180E-1
1.60160E-1
1.60130E-1
1.60120E-1
1.60100E-1
1.60080E-1
1.60070E-1
1.60050E-1
1.60020E-1
1.60010E-1
1.59990E-1
1.59980E-1
1.59960E-1
1.59950E-1
1.59930E-1
1.59900E-1
1.59880E-1
1.59870E-1
1.59850E-1
1.59840E-1
1.59820E-1
1.59790E-1
1.59770E-1
1.59760E-1
1.59740E-1
1.59730E-1
1.59710E-1
1.59700E-1
1.59670E-1
1.59650E-1
1.59640E-1
1.59620E-1
1.59600E-1
1.59590E-1
1.59560E-1
1.59540E-1
1.59530E-1
1.59510E-1
1.59500E-1
1.59480E-1
1.59450E-1
1.59440E-1
1.59420E-1
1.59400E-1
1.59390E-1
1.59370E-1
1.59360E-1
1.59330E-1
1.59310E-1
1.59290E-1
1.59280E-1
1.59270E-1
1.59250E-1
1.59220E-1
1.59210E-1
1.59190E-1
1.59170E-1
1.59160E-1
1.59140E-1
1.59110E-1
1.59090E-1
1.59080E-1
1.59060E-1
1.59050E-1
1.59030E-1
1.59020E-1
1.58990E-1
1.58970E-1
1.58950E-1
1.58940E-1
1.58930E-1
1.58910E-1
1.58880E-1
1.58860E-1
1.58850E-1
1.58840E-1
1.58820E-1
1.58800E-1
1.58790E-1
1.58760E-1
1.58740E-1
1.58720E-1
1.58720E-1
1.58700E-1
1.58690E-1
1.58660E-1
1.58640E-1
1.58630E-1
1.58610E-1
1.58590E-1
1.58570E-1
1.58570E-1
1.58530E-1
1.58520E-1
1.58510E-1
1.58490E-1
1.58470E-1
1.58460E-1
1.58430E-1
1.58410E-1
1.58400E-1
1.58380E-1
1.58360E-1
1.58350E-1
1.58320E-1
1.58300E-1
1.58290E-1
1.58280E-1
1.58260E-1
1.58250E-1
1.58230E-1
1.58200E-1
1.58180E-1
1.58170E-1
1.58160E-1
1.58140E-1
1.58130E-1
1.58090E-1
1.58080E-1
1.58070E-1
1.58050E-1
1.58030E-1
1.58020E-1
1.58000E-1
1.57970E-1
1.57960E-1
1.57950E-1
1.57930E-1
1.57920E-1
1.57900E-1
1.57870E-1
1.57850E-1
1.57840E-1
1.57830E-1
1.57810E-1
1.57790E-1
1.57780E-1
1.57750E-1
1.57740E-1
1.57720E-1
1.57700E-1
1.57690E-1
1.57680E-1
1.57640E-1
1.57630E-1
1.57620E-1
1.57600E-1
1.57590E-1
1.57570E-1
1.57540E-1
1.57530E-1
1.57510E-1
1.57500E-1
1.57480E-1
1.57470E-1
1.57450E-1
1.57420E-1
1.57410E-1
1.57390E-1
1.57380E-1
1.57360E-1
1.57350E-1
1.57320E-1
1.57300E-1
1.57290E-1
1.57270E-1
1.57260E-1
1.57240E-1
1.57220E-1
1.57200E-1
1.57190E-1
1.57170E-1
1.57160E-1
1.57140E-1
1.57130E-1
1.57100E-1
1.57080E-1
1.57070E-1
1.57050E-1
1.57040E-1
1.57030E-1
1.56990E-1
1.56980E-1
1.56960E-1
1.56950E-1
1.56930E-1
1.56920E-1
1.56910E-1
1.56870E-1
1.56860E-1
1.56850E-1
1.56830E-1
1.56820E-1
1.56800E-1
1.56770E-1
1.56760E-1
1.56750E-1
1.56730E-1
1.56710E-1
1.56700E-1
1.56670E-1
1.56650E-1
1.56640E-1
1.56630E-1
1.56610E-1
1.56600E-1
1.56580E-1
1.56550E-1
1.56540E-1
1.56520E-1
1.56510E-1
1.56490E-1
1.56480E-1
1.56450E-1
1.56430E-1
1.56420E-1
1.56410E-1
1.56380E-1
1.56380E-1
1.56360E-1
1.56330E-1
1.56310E-1
1.56310E-1
1.56290E-1
1.56280E-1
1.56260E-1
1.56230E-1
1.56220E-1
1.56200E-1
1.56190E-1
1.56170E-1
1.56160E-1
1.56150E-1
1.56120E-1
1.56100E-1
1.56080E-1
1.56070E-1
1.56050E-1
1.56040E-1
1.56010E-1
1.56000E-1
1.55990E-1
1.55970E-1
1.55950E-1
1.55940E-1
1.55910E-1
1.55900E-1
1.55890E-1
1.55870E-1
1.55860E-1
1.55840E-1
1.55830E-1
1.55800E-1
1.55790E-1
1.55770E-1
1.55760E-1
1.55740E-1
1.55730E-1
1.55700E-1
1.55680E-1
1.55670E-1
1.55650E-1
1.55640E-1
1.55620E-1
1.55610E-1
1.55580E-1
1.55570E-1
1.55550E-1
1.55540E-1
1.55520E-1
1.55510E-1
1.55480E-1
1.55460E-1
1.55460E-1
1.55440E-1
1.55420E-1
1.55410E-1
1.55380E-1
1.55370E-1
1.55350E-1
1.55340E-1
1.55320E-1
1.55310E-1
1.55300E-1
1.55270E-1
1.55250E-1
1.55240E-1
1.55230E-1
1.55210E-1
1.55190E-1
1.55170E-1
1.55150E-1
1.55140E-1
1.55120E-1
1.55110E-1
1.55100E-1
1.55070E-1
1.55050E-1
1.55040E-1
1.55030E-1
1.55010E-1
1.54990E-1
1.54980E-1
1.54950E-1
1.54940E-1
1.54930E-1
1.54910E-1
1.54900E-1
1.54880E-1
1.54850E-1
1.54840E-1
1.54830E-1
1.54810E-1
1.54800E-1
1.54790E-1
1.54770E-1
1.54740E-1
1.54730E-1
1.54710E-1
1.54700E-1
1.54680E-1
1.54670E-1
1.54640E-1
1.54620E-1
1.54610E-1
1.54600E-1
1.54590E-1
1.54570E-1
1.54560E-1
1.54530E-1
1.54520E-1
1.54500E-1
1.54480E-1
1.54470E-1
1.54460E-1
1.54430E-1
1.54420E-1
1.54400E-1
1.54390E-1
1.54370E-1
1.54360E-1
1.54350E-1
1.54320E-1
1.54300E-1
1.54290E-1
1.54280E-1
1.54260E-1
1.54250E-1
1.54220E-1
1.54210E-1
1.54190E-1
1.54180E-1
1.54160E-1
1.54150E-1
1.54130E-1
1.54110E-1
1.54090E-1
1.54080E-1
1.54060E-1
1.54050E-1
1.54040E-1
1.54010E-1
1.54000E-1
1.53980E-1
1.53970E-1
1.53950E-1
1.53940E-1
1.53910E-1
1.53900E-1
1.53890E-1
1.53870E-1
1.53860E-1
1.53850E-1
1.53830E-1
1.53800E-1
1.53790E-1
1.53770E-1
1.53760E-1
1.53750E-1
1.53740E-1
1.53710E-1
1.53690E-1
1.53680E-1
1.53670E-1
1.53650E-1
1.53640E-1
1.53620E-1
1.53600E-1
1.53580E-1
1.53570E-1
1.53560E-1
1.53540E-1
1.53530E-1
1.53500E-1
1.53480E-1
1.53470E-1
1.53460E-1
1.53440E-1
1.53430E-1
1.53400E-1
1.53390E-1
1.53370E-1
1.53360E-1
1.53340E-1
1.53330E-1
1.53320E-1
1.53290E-1
1.53280E-1
1.53260E-1
1.53250E-1
1.53240E-1
1.53220E-1
1.53190E-1
1.53180E-1
1.53160E-1
1.53150E-1
1.53140E-1
1.53130E-1
1.53100E-1
1.53080E-1
1.53080E-1
1.53060E-1
1.53040E-1
1.53030E-1
1.53020E-1
1.52990E-1
1.52980E-1
1.52960E-1
1.52950E-1
1.52940E-1
1.52920E-1
1.52900E-1
1.52880E-1
1.52870E-1
1.52860E-1
1.52840E-1
1.52830E-1
1.52810E-1
1.52780E-1
1.52770E-1
1.52760E-1
1.52740E-1
1.52730E-1
1.52720E-1
1.52690E-1
1.52680E-1
1.52660E-1
1.52650E-1
1.52630E-1
1.52620E-1
1.52610E-1
1.52580E-1
1.52570E-1
1.52550E-1
1.52540E-1
1.52530E-1
1.52510E-1
1.52490E-1
1.52470E-1
1.52460E-1
1.52450E-1
1.52430E-1
1.52420E-1
1.52400E-1
1.52380E-1
1.52370E-1
1.52350E-1
1.52340E-1
1.52320E-1
1.52310E-1
1.52280E-1
1.52270E-1
1.52260E-1
1.52240E-1
1.52230E-1
1.52220E-1
1.52190E-1
1.52180E-1
1.52160E-1
1.52150E-1
1.52140E-1
1.52120E-1
1.52110E-1
1.52080E-1
1.52070E-1
1.52050E-1
1.52040E-1
1.52030E-1
1.52010E-1
1.51990E-1
1.51970E-1
1.51960E-1
1.51950E-1
1.51940E-1
1.51920E-1
1.51900E-1
1.51880E-1
1.51870E-1
1.51850E-1
1.51820E-1
1.51820E-1
1.51810E-1
1.51790E-1
1.51770E-1
1.51760E-1
1.51750E-1
1.51740E-1
1.51720E-1
1.51690E-1
1.51680E-1
1.51670E-1
1.51660E-1
1.51640E-1
1.51620E-1
1.51610E-1
1.51590E-1
1.51570E-1
1.51560E-1
1.51550E-1
1.51540E-1
1.51520E-1
1.51500E-1
1.51480E-1
1.51470E-1
1.51460E-1
1.51440E-1
1.51430E-1
1.51420E-1
1.51390E-1
1.51380E-1
1.51360E-1
1.51350E-1
1.51340E-1
1.51330E-1
1.51300E-1
1.51280E-1
1.51270E-1
1.51260E-1
1.51240E-1
1.51230E-1
1.51210E-1
1.51190E-1
1.51180E-1
1.51170E-1
1.51150E-1
1.51140E-1
1.51130E-1
1.51100E-1
1.51080E-1
1.51070E-1
1.51050E-1
1.51050E-1
1.51040E-1
1.51010E-1
1.50990E-1
1.50980E-1
1.50970E-1
1.50950E-1
1.50940E-1
1.50910E-1
1.50900E-1
1.50890E-1
1.50870E-1
1.50860E-1
1.50850E-1
1.50840E-1
1.50810E-1
1.50800E-1
1.50780E-1
1.50770E-1
1.50760E-1
1.50750E-1
1.50720E-1
1.50700E-1
1.50690E-1
1.50680E-1
1.50670E-1
1.50650E-1
1.50640E-1
1.50620E-1
1.50600E-1
1.50590E-1
1.50580E-1
1.50560E-1
1.50550E-1
1.50520E-1
1.50510E-1
1.50500E-1
1.50480E-1
1.50470E-1
1.50460E-1
1.50450E-1
1.50420E-1
1.50400E-1
1.50400E-1
1.50380E-1
1.50370E-1
1.50360E-1
1.50330E-1
1.50320E-1
1.50300E-1
1.50290E-1
1.50280E-1
1.50270E-1
1.50250E-1
1.50230E-1
1.50210E-1
1.50200E-1
1.50190E-1
1.50170E-1
1.50160E-1
1.50130E-1
1.50120E-1
1.50110E-1
1.50100E-1
1.50080E-1
1.50070E-1
1.50060E-1
1.50030E-1
1.50020E-1
1.50000E-1
1.49990E-1
1.49980E-1
1.49970E-1
1.49940E-1
1.49930E-1
1.49920E-1
1.49900E-1
1.49890E-1
1.49870E-1
1.49850E-1
1.49840E-1
1.49820E-1
1.49810E-1
1.49800E-1
1.49790E-1
1.49770E-1
1.49750E-1
1.49740E-1
1.49720E-1
1.49710E-1
1.49700E-1
1.49690E-1
1.49660E-1
1.49650E-1
1.49630E-1
1.49620E-1
1.49610E-1
1.49590E-1
1.49580E-1
1.49560E-1
1.49540E-1
1.49530E-1
1.49520E-1
1.49500E-1
1.49490E-1
1.49470E-1
1.49460E-1
1.49440E-1
1.49430E-1
1.49420E-1
1.49410E-1
1.49380E-1
1.49370E-1
1.49360E-1
1.49340E-1
1.49330E-1
1.49310E-1
1.49310E-1
1.49280E-1
1.49270E-1
1.49250E-1
1.49240E-1
1.49230E-1
1.49210E-1
1.49190E-1
1.49180E-1
1.49160E-1
1.49150E-1
1.49140E-1
1.49130E-1
1.49100E-1
1.49090E-1
1.49080E-1
1.49060E-1
1.49050E-1
1.49040E-1
1.49030E-1
1.49000E-1
1.48990E-1
1.48980E-1
1.48960E-1
1.48950E-1
1.48940E-1
1.48910E-1
1.48900E-1
1.48880E-1
1.48880E-1
1.48860E-1
1.48850E-1
1.48840E-1
1.48810E-1
1.48800E-1
1.48790E-1
1.48770E-1
1.48760E-1
1.48750E-1
1.48720E-1
1.48710E-1
1.48700E-1
1.48680E-1
1.48670E-1
1.48660E-1
1.48650E-1
1.48620E-1
1.48610E-1
1.48600E-1
1.48580E-1
1.48570E-1
1.48560E-1
1.48540E-1
1.48520E-1
1.48510E-1
1.48500E-1
1.48490E-1
1.48470E-1
1.48450E-1
1.48440E-1
1.48420E-1
1.48410E-1
1.48400E-1
1.48390E-1
1.48370E-1
1.48350E-1
1.48340E-1
1.48320E-1
1.48310E-1
1.48300E-1
1.48290E-1
1.48260E-1
1.48250E-1
1.48240E-1
1.48230E-1
1.48210E-1
1.48200E-1
1.48190E-1
1.48160E-1
1.48150E-1
1.48140E-1
1.48120E-1
1.48110E-1
1.48100E-1
1.48070E-1
1.48060E-1
1.48050E-1
1.48040E-1
1.48030E-1
1.48010E-1
1.47990E-1
1.47970E-1
1.47970E-1
1.47950E-1
1.47940E-1
1.47930E-1
1.47910E-1
1.47890E-1
1.47880E-1
1.47860E-1
1.47860E-1
1.47840E-1
1.47830E-1
1.47810E-1
1.47790E-1
1.47780E-1
1.47770E-1
1.47750E-1
1.47740E-1
1.47730E-1
1.47710E-1
1.47690E-1
1.47680E-1
1.47670E-1
1.47660E-1
1.47640E-1
1.47620E-1
1.47610E-1
1.47590E-1
1.47580E-1
1.47570E-1
1.47560E-1
1.47550E-1
1.47520E-1
1.47510E-1
1.47500E-1
1.47490E-1
1.47470E-1
1.47460E-1
1.47430E-1
1.47430E-1
1.47410E-1
1.47400E-1
1.47390E-1
1.47370E-1
1.47360E-1
1.47340E-1
1.47330E-1
1.47310E-1
1.47300E-1
1.47290E-1
1.47280E-1
1.47250E-1
1.47250E-1
1.47230E-1
1.47220E-1
1.47200E-1
1.47190E-1
1.47170E-1
1.47160E-1
1.47140E-1
1.47130E-1
1.47120E-1
1.47110E-1
1.47100E-1
1.47070E-1
1.47060E-1
1.47050E-1
1.47030E-1
1.47030E-1
1.47010E-1
1.46990E-1
1.46980E-1
1.46960E-1
1.46950E-1
1.46940E-1
1.46920E-1
1.46920E-1
1.46890E-1
1.46880E-1
1.46870E-1
1.46850E-1
1.46840E-1
1.46830E-1
1.46810E-1
1.46800E-1
1.46780E-1
1.46770E-1
1.46760E-1
1.46750E-1
1.46730E-1
1.46710E-1
1.46700E-1
1.46680E-1
1.46670E-1
1.46660E-1
1.46650E-1
1.46630E-1
1.46610E-1
1.46600E-1
1.46590E-1
1.46580E-1
1.46570E-1
1.46540E-1
1.46530E-1
1.46520E-1
1.46510E-1
1.46490E-1
1.46480E-1
1.46470E-1
1.46440E-1
1.46430E-1
1.46420E-1
1.46410E-1
1.46400E-1
1.46390E-1
1.46360E-1
1.46350E-1
1.46340E-1
1.46320E-1
1.46310E-1
1.46300E-1
1.46280E-1
1.46260E-1
1.46250E-1
1.46240E-1
1.46230E-1
1.46220E-1
1.46200E-1
1.46180E-1
1.46170E-1
1.46160E-1
1.46140E-1
1.46130E-1
1.46120E-1
1.46100E-1
1.46090E-1
1.46070E-1
1.46060E-1
1.46050E-1
1.46040E-1
1.46020E-1
1.46000E-1
1.45990E-1
1.45980E-1
1.45970E-1
1.45960E-1
1.45940E-1
1.45920E-1
1.45910E-1
1.45900E-1
1.45890E-1
1.45870E-1
1.45860E-1
1.45850E-1
1.45830E-1
1.45810E-1
1.45800E-1
1.45790E-1
1.45780E-1
1.45770E-1
1.45740E-1
1.45730E-1
1.45720E-1
1.45710E-1
1.45700E-1
1.45680E-1
1.45670E-1
1.45650E-1
1.45640E-1
1.45630E-1
1.44060E-1
4.01600E-2
1.63980E-1
1.45500E-1
1.45500E-1
1.45490E-1
1.45480E-1
1.45470E-1
1.45460E-1
1.45440E-1
1.45430E-1
1.45430E-1
1.45410E-1
1.45400E-1
1.45390E-1
1.45380E-1
1.45360E-1
1.45350E-1
1.45340E-1
1.45330E-1
1.45320E-1
1.45300E-1
1.45280E-1
1.45270E-1
1.45260E-1
1.45250E-1
1.45240E-1
1.45230E-1
1.45210E-1
1.45190E-1
1.45180E-1
1.45170E-1
1.45160E-1
1.45150E-1
1.45130E-1
1.45110E-1
1.45100E-1
1.45090E-1
1.45080E-1
1.45070E-1
1.45060E-1
1.45030E-1
1.45020E-1
1.45010E-1
1.45000E-1
1.44990E-1
1.44980E-1
1.44970E-1
1.44940E-1
1.44930E-1
1.44920E-1
1.44910E-1
1.44900E-1
1.44880E-1
1.44860E-1
1.44850E-1
1.44840E-1
1.44830E-1
1.44820E-1
1.44810E-1
1.44790E-1
1.44770E-1
1.44760E-1
1.44750E-1
1.44730E-1
1.44720E-1
1.44710E-1
1.44690E-1
1.44680E-1
1.44670E-1
1.44650E-1
1.44650E-1
1.44630E-1
1.44620E-1
1.44600E-1
1.44590E-1
1.44580E-1
1.44570E-1
1.44550E-1
1.44540E-1
1.44520E-1
1.44500E-1
1.44490E-1
1.44480E-1
1.44470E-1
1.44470E-1
1.44440E-1
1.44430E-1
1.44420E-1
1.44400E-1
1.44390E-1
1.44380E-1
1.44370E-1
1.44350E-1
1.44340E-1
1.44320E-1
1.44310E-1
1.44290E-1
1.44290E-1
1.44270E-1
1.44250E-1
1.44240E-1
1.44240E-1
1.44220E-1
1.44210E-1
1.44200E-1
1.44170E-1
1.44160E-1
1.44150E-1
1.44140E-1
1.44130E-1
1.44120E-1
1.44090E-1
1.44080E-1
1.44070E-1
1.44060E-1
1.44050E-1
1.44040E-1
1.44020E-1
1.44000E-1
1.43990E-1
1.43980E-1
1.43970E-1
1.43960E-1
1.43950E-1
1.43920E-1
1.43910E-1
1.43900E-1
1.43890E-1
1.43880E-1
1.43870E-1
1.43840E-1
1.43830E-1
1.43820E-1
1.43810E-1
1.43800E-1
1.43790E-1
1.43780E-1
1.43750E-1
1.43740E-1
1.43730E-1
1.43720E-1
1.43710E-1
1.43700E-1
1.43680E-1
1.43660E-1
1.43650E-1
1.43640E-1
1.43630E-1
1.43620E-1
1.43600E-1
1.43580E-1
1.43580E-1
1.43560E-1
1.43550E-1
1.43540E-1
1.43530E-1
1.43510E-1
1.43500E-1
1.43480E-1
1.43470E-1
1.43460E-1
1.43450E-1
1.43430E-1
1.43420E-1
1.43410E-1
1.43390E-1
1.43380E-1
1.43370E-1
1.43360E-1
1.43340E-1
1.43330E-1
1.43320E-1
1.43300E-1
1.43300E-1
1.43280E-1
1.43260E-1
1.43250E-1
1.43240E-1
1.43230E-1
1.43220E-1
1.43200E-1
1.43190E-1
1.43170E-1
1.43160E-1
1.43150E-1
1.43140E-1
1.43130E-1
1.43120E-1
1.43090E-1
1.43080E-1
1.43070E-1
1.43060E-1
1.43050E-1
1.43040E-1
1.43030E-1
1.43000E-1
1.42990E-1
1.42980E-1
1.42970E-1
1.42960E-1
1.42950E-1
1.42920E-1
1.42920E-1
1.42900E-1
1.42890E-1
1.42880E-1
1.42870E-1
1.42850E-1
1.42840E-1
1.42830E-1
1.42820E-1
1.42800E-1
1.42800E-1
1.42780E-1
1.42760E-1
1.42750E-1
1.42740E-1
1.42720E-1
1.42720E-1
1.42700E-1
1.42680E-1
1.42670E-1
1.42660E-1
1.42650E-1
1.42640E-1
1.42630E-1
1.42620E-1
1.42590E-1
1.42580E-1
1.42570E-1
1.42560E-1
1.42550E-1
1.42540E-1
1.42520E-1
1.42510E-1
1.42490E-1
1.42480E-1
1.42470E-1
1.42460E-1
1.42450E-1
1.42430E-1
1.42420E-1
1.42410E-1
1.42400E-1
1.42380E-1
1.42370E-1
1.42350E-1
1.42340E-1
1.42330E-1
1.42320E-1
1.42310E-1
1.42300E-1
1.42290E-1
1.42260E-1
1.42250E-1
1.42240E-1
1.42230E-1
1.42220E-1
1.42210E-1
1.42190E-1
1.42170E-1
1.42160E-1
1.42160E-1
1.42140E-1
1.42130E-1
1.42110E-1
1.42100E-1
1.42090E-1
1.42080E-1
1.42070E-1
1.42060E-1
1.42040E-1
1.42020E-1
1.42010E-1
1.42000E-1
1.41990E-1
1.41980E-1
1.41970E-1
1.41940E-1
1.41930E-1
1.41930E-1
1.41910E-1
1.41900E-1
1.41890E-1
1.41870E-1
1.41860E-1
1.41850E-1
1.41840E-1
1.41830E-1
1.41820E-1
1.41810E-1
1.41780E-1
1.41770E-1
1.41760E-1
1.41750E-1
1.41740E-1
1.41730E-1
1.41710E-1
1.41690E-1
1.41680E-1
1.41680E-1
1.41660E-1
1.41650E-1
1.41640E-1
1.41620E-1
1.41610E-1
1.41600E-1
1.41590E-1
1.41580E-1
1.41570E-1
1.41550E-1
1.41530E-1
1.41520E-1
1.41510E-1
1.41500E-1
1.41500E-1
1.41480E-1
1.41460E-1
1.41450E-1
1.41440E-1
1.41430E-1
1.41420E-1
1.41410E-1
1.41380E-1
1.41370E-1
1.41360E-1
1.41350E-1
1.41340E-1
1.41330E-1
1.41320E-1
1.41300E-1
1.41280E-1
1.41280E-1
1.41260E-1
1.41250E-1
1.41240E-1
1.41220E-1
1.41210E-1
1.41200E-1
1.41190E-1
1.41180E-1
1.41170E-1
1.41150E-1
1.41140E-1
1.41130E-1
1.41120E-1
1.41100E-1
1.41090E-1
1.41080E-1
1.41060E-1
1.41050E-1
1.41040E-1
1.41030E-1
1.41020E-1
1.41010E-1
1.40990E-1
1.40970E-1
1.40970E-1
1.40950E-1
1.40940E-1
1.40930E-1
1.40920E-1
1.40900E-1
1.40890E-1
1.40880E-1
1.40870E-1
1.40860E-1
1.40850E-1
1.40830E-1
1.40820E-1
1.40810E-1
1.40800E-1
1.40790E-1
1.40770E-1
1.40760E-1
1.40740E-1
1.40730E-1
1.40720E-1
1.40710E-1
1.40700E-1
1.40690E-1
1.40670E-1
1.40660E-1
1.40650E-1
1.40640E-1
1.40630E-1
1.40620E-1
1.40590E-1
1.40580E-1
1.40570E-1
1.40560E-1
1.40550E-1
1.40540E-1
1.40520E-1
1.40510E-1
1.40500E-1
1.40490E-1
1.40480E-1
1.40470E-1
1.40460E-1
1.40440E-1
1.40430E-1
1.40420E-1
1.40400E-1
1.40390E-1
1.40380E-1
1.40360E-1
1.40350E-1
1.40340E-1
1.40330E-1
1.40320E-1
1.40310E-1
1.40300E-1
1.40280E-1
1.40270E-1
1.40260E-1
1.40250E-1
1.40230E-1
1.40220E-1
1.40210E-1
1.40200E-1
1.40180E-1
1.40170E-1
1.40160E-1
1.40160E-1
1.40140E-1
1.40120E-1
1.40110E-1
1.40100E-1
1.40090E-1
1.40080E-1
1.40070E-1
1.40050E-1
1.40040E-1
1.40030E-1
1.40010E-1
1.40010E-1
1.39990E-1
1.39970E-1
1.39970E-1
1.39950E-1
1.39940E-1
1.39930E-1
1.39920E-1
1.39910E-1
1.39890E-1
1.39880E-1
1.39870E-1
1.39860E-1
1.39850E-1
1.39840E-1
1.39820E-1
1.39810E-1
1.39790E-1
1.39790E-1
1.39780E-1
1.39760E-1
1.39760E-1
1.39730E-1
1.39720E-1
1.39710E-1
1.39700E-1
1.39700E-1
1.39680E-1
1.39660E-1
1.39650E-1
1.39640E-1
1.39630E-1
1.39620E-1
1.39610E-1
1.39590E-1
1.39580E-1
1.39570E-1
1.39560E-1
1.39550E-1
1.39540E-1
1.39530E-1
1.39510E-1
1.39500E-1
1.39480E-1
1.39480E-1
1.39460E-1
1.39460E-1
1.39430E-1
1.39420E-1
1.39410E-1
1.39400E-1
1.39400E-1
1.39380E-1
1.39370E-1
1.39350E-1
1.39340E-1
1.39330E-1
1.39320E-1
1.39310E-1
1.39300E-1
1.39280E-1
1.39270E-1
1.39260E-1
1.39250E-1
1.39240E-1
1.39230E-1
1.39210E-1
1.39200E-1
1.39190E-1
1.39180E-1
1.39170E-1
1.39160E-1
1.39150E-1
1.39130E-1
1.39120E-1
1.39100E-1
1.39100E-1
1.39080E-1
1.39080E-1
1.39050E-1
1.39040E-1
1.39030E-1
1.39020E-1
1.39010E-1
1.39000E-1
1.38990E-1
1.38970E-1
1.38960E-1
1.38950E-1
1.38940E-1
1.38930E-1
1.38920E-1
1.38900E-1
1.38890E-1
1.38880E-1
1.38870E-1
1.38860E-1
1.38850E-1
1.38830E-1
1.38820E-1
1.38810E-1
1.38800E-1
1.38790E-1
1.38780E-1
1.38770E-1
1.38750E-1
1.38740E-1
1.38730E-1
1.38720E-1
1.38700E-1
1.38700E-1
1.38670E-1
1.38670E-1
1.38660E-1
1.38650E-1
1.38630E-1
1.38630E-1
1.38620E-1
1.38600E-1
1.38590E-1
1.38570E-1
1.38570E-1
1.38560E-1
1.38550E-1
1.38520E-1
1.38510E-1
1.38510E-1
1.38490E-1
1.38480E-1
1.38470E-1
1.38460E-1
1.38440E-1
1.38430E-1
1.38420E-1
1.38410E-1
1.38410E-1
1.38390E-1
1.38370E-1
1.38360E-1
1.38350E-1
1.38340E-1
1.38330E-1
1.38320E-1
1.38300E-1
1.38290E-1
1.38280E-1
1.38270E-1
1.38260E-1
1.38250E-1
1.38240E-1
1.38220E-1
1.38210E-1
1.38200E-1
1.38190E-1
1.38180E-1
1.38170E-1
1.38150E-1
1.38140E-1
1.38130E-1
1.38120E-1
1.38110E-1
1.38100E-1
1.38090E-1
1.38070E-1
1.38060E-1
1.38050E-1
1.38040E-1
1.38030E-1
1.38020E-1
1.38000E-1
1.37990E-1
1.37980E-1
1.37970E-1
1.37960E-1
1.37950E-1
1.37930E-1
1.37920E-1
1.37910E-1
1.37900E-1
1.37890E-1
1.37880E-1
1.37870E-1
1.37850E-1
1.37840E-1
1.37830E-1
1.37820E-1
1.37810E-1
1.37800E-1
1.37780E-1
1.37780E-1
1.37760E-1
1.37750E-1
1.37740E-1
1.37730E-1
1.37720E-1
1.37700E-1
1.37690E-1
1.37680E-1
1.37670E-1
1.37660E-1
1.37650E-1
1.37630E-1
1.37620E-1
1.37610E-1
1.37600E-1
1.37590E-1
1.37580E-1
1.37560E-1
1.37550E-1
1.37550E-1
1.37530E-1
1.37530E-1
1.37510E-1
1.37500E-1
1.37480E-1
1.37480E-1
1.37470E-1
1.37450E-1
1.37450E-1
1.37430E-1
1.37420E-1
1.37410E-1
1.37400E-1
1.37390E-1
1.37380E-1
1.37370E-1
1.37360E-1
1.37340E-1
1.37320E-1
1.37320E-1
1.37310E-1
1.37300E-1
1.37290E-1
1.37270E-1
1.37260E-1
1.37250E-1
1.37240E-1
1.37230E-1
1.37220E-1
1.37200E-1
1.37190E-1
1.37180E-1
1.37170E-1
1.37160E-1
1.37150E-1
1.37140E-1
1.37120E-1
1.37110E-1
1.37100E-1
1.37090E-1
1.37080E-1
1.37070E-1
1.37050E-1
1.37040E-1
1.37030E-1
1.37020E-1
1.37020E-1
1.37000E-1
1.36990E-1
1.36970E-1
1.36970E-1
1.36950E-1
1.36940E-1
1.36940E-1
1.36920E-1
1.36910E-1
1.36900E-1
1.36890E-1
1.36880E-1
1.36870E-1
1.36860E-1
1.36850E-1
1.36830E-1
1.36820E-1
1.36810E-1
1.36800E-1
1.36790E-1
1.36780E-1
1.36760E-1
1.36750E-1
1.36740E-1
1.36730E-1
1.36720E-1
1.36710E-1
1.36700E-1
1.36680E-1
1.36670E-1
1.36660E-1
1.36650E-1
1.36640E-1
1.36630E-1
1.36610E-1
1.36610E-1
1.36590E-1
1.36590E-1
1.36570E-1
1.36570E-1
1.36550E-1
1.36540E-1
1.36530E-1
1.36520E-1
1.36510E-1
1.36500E-1
1.36490E-1
1.36470E-1
1.36460E-1
1.36450E-1
1.36440E-1
1.36430E-1
1.36420E-1
1.36400E-1
1.36390E-1
1.36380E-1
1.36370E-1
1.36360E-1
1.36360E-1
1.36340E-1
1.36330E-1
1.36320E-1
1.36310E-1
1.36300E-1
1.36290E-1
1.36280E-1
1.36260E-1
1.36250E-1
1.36240E-1
1.36230E-1
1.36220E-1
1.36210E-1
1.36200E-1
1.36180E-1
1.36170E-1
1.36160E-1
1.36150E-1
1.36140E-1
1.36130E-1
1.36120E-1
1.36110E-1
1.36090E-1
1.36090E-1
1.36080E-1
1.36070E-1
1.36060E-1
1.36040E-1
1.36030E-1
1.36020E-1
1.36010E-1
1.36000E-1
1.35990E-1
1.35970E-1
1.35960E-1
1.35950E-1
1.35950E-1
1.35930E-1
1.35930E-1
1.35900E-1
1.35900E-1
1.35890E-1
1.35880E-1
1.35860E-1
1.35860E-1
1.35850E-1
1.35830E-1
1.35820E-1
1.35810E-1
1.35800E-1
1.35790E-1
1.35780E-1
1.35760E-1
1.35750E-1
1.35740E-1
1.35730E-1
1.35720E-1
1.35710E-1
1.35700E-1
1.35690E-1
1.35680E-1
1.35670E-1
1.35660E-1
1.35650E-1
1.35640E-1
1.35620E-1
1.35610E-1
1.35600E-1
1.35590E-1
1.35580E-1
1.35570E-1
1.35550E-1
1.35540E-1
1.35530E-1
1.35530E-1
1.35520E-1
1.35510E-1
1.35490E-1
1.35480E-1
1.35470E-1
1.35460E-1
1.35450E-1
1.35440E-1
1.35430E-1
1.35410E-1
1.35400E-1
1.35390E-1
1.35380E-1
1.35370E-1
1.35360E-1
1.35350E-1
1.35330E-1
1.35330E-1
1.35320E-1
1.35310E-1
1.35300E-1
1.35280E-1
1.35270E-1
1.35260E-1
1.35250E-1
1.35240E-1
1.35230E-1
1.35220E-1
1.35200E-1
1.35200E-1
1.35190E-1
1.35180E-1
1.35170E-1
1.35160E-1
1.35140E-1
1.35130E-1
1.35120E-1
1.35110E-1
1.35100E-1
1.35090E-1
1.35070E-1
1.35060E-1
1.35060E-1
1.35040E-1
1.35040E-1
1.35030E-1
1.35020E-1
1.35000E-1
1.34990E-1
1.34980E-1
1.34970E-1
1.34960E-1
1.34950E-1
1.34940E-1
1.34920E-1
1.34920E-1
1.34910E-1
1.34900E-1
1.34890E-1
1.34880E-1
1.34860E-1
1.34850E-1
1.34840E-1
1.34830E-1
1.34820E-1
1.34810E-1
1.34800E-1
1.34790E-1
1.34780E-1
1.34770E-1
1.34760E-1
1.34750E-1
1.34740E-1
1.34720E-1
1.34710E-1
1.34700E-1
1.34690E-1
1.34680E-1
1.34670E-1
1.34660E-1
1.34640E-1
1.34640E-1
1.34630E-1
1.34620E-1
1.34610E-1
1.34600E-1
1.34580E-1
1.34570E-1
1.34560E-1
1.34560E-1
1.34550E-1
1.34540E-1
1.34520E-1
1.34510E-1
1.34500E-1
1.34490E-1
1.34480E-1
1.34470E-1
1.34450E-1
1.34440E-1
1.34430E-1
1.34420E-1
1.34420E-1
1.34410E-1
1.34400E-1
1.34380E-1
1.34370E-1
1.34360E-1
1.34350E-1
1.34340E-1
1.34340E-1
1.34320E-1
1.34310E-1
1.34300E-1
1.34290E-1
1.34280E-1
1.34270E-1
1.34260E-1
1.34240E-1
1.34230E-1
1.34230E-1
1.34210E-1
1.34210E-1
1.34190E-1
1.34180E-1
1.34170E-1
1.34160E-1
1.34150E-1
1.34140E-1
1.34130E-1
1.34120E-1
1.34110E-1
1.34090E-1
1.34090E-1
1.34080E-1
1.34070E-1
1.34060E-1
1.34040E-1
1.34030E-1
1.34020E-1
1.34010E-1
1.34000E-1
1.34000E-1
1.33980E-1
1.33970E-1
1.33960E-1
1.33950E-1
1.33940E-1
1.33930E-1
1.33920E-1
1.33900E-1
1.33890E-1
1.33880E-1
1.33880E-1
1.33870E-1
1.33860E-1
1.33840E-1
1.33830E-1
1.33820E-1
1.33810E-1
1.33810E-1
1.33790E-1
1.33790E-1
1.33770E-1
1.33760E-1
1.33750E-1
1.33740E-1
1.33730E-1
1.33720E-1
1.33700E-1
1.33690E-1
1.33680E-1
1.33680E-1
1.33670E-1
1.33660E-1
1.33650E-1
1.33630E-1
1.33620E-1
1.33610E-1
1.33600E-1
1.33600E-1
1.33580E-1
1.33570E-1
1.33560E-1
1.33550E-1
1.33540E-1
1.33530E-1
1.33520E-1
1.33510E-1
1.33500E-1
1.33490E-1
1.33480E-1
1.33470E-1
1.33460E-1
1.33450E-1
1.33430E-1
1.33420E-1
1.33420E-1
1.33410E-1
1.33400E-1
1.33390E-1
1.33380E-1
1.33360E-1
1.33350E-1
1.33340E-1
1.33330E-1
1.33320E-1
1.33320E-1
1.33300E-1
1.33290E-1
1.33280E-1
1.33270E-1
1.33260E-1
1.33250E-1
1.33240E-1
1.33230E-1
1.33220E-1
1.33210E-1
1.33200E-1
1.33190E-1
1.33180E-1
1.33160E-1
1.33150E-1
1.33150E-1
1.33140E-1
1.33130E-1
1.33120E-1
1.33100E-1
1.33090E-1
1.33090E-1
1.33080E-1
1.33070E-1
1.33060E-1
1.33050E-1
1.33030E-1
1.33020E-1
1.33010E-1
1.33000E-1
1.32990E-1
1.32990E-1
1.32970E-1
1.32960E-1
1.32950E-1
1.32940E-1
1.32930E-1
1.32920E-1
1.32920E-1
1.32900E-1
1.32890E-1
1.32880E-1
1.32870E-1
1.32860E-1
1.32850E-1
1.32840E-1
1.32830E-1
1.32820E-1
1.32810E-1
1.32800E-1
1.32790E-1
1.32780E-1
1.32760E-1
1.32760E-1
1.32740E-1
1.32740E-1
1.32720E-1
1.32720E-1
1.32700E-1
1.32690E-1
1.32680E-1
1.32670E-1
1.32660E-1
1.32660E-1
1.32650E-1
1.32630E-1
1.32620E-1
1.32610E-1
1.32600E-1
1.32590E-1
1.32580E-1
1.32570E-1
1.32560E-1
1.32550E-1
1.32540E-1
1.32540E-1
1.32530E-1
1.32510E-1
1.32500E-1
1.32490E-1
1.32480E-1
1.32480E-1
1.32460E-1
1.32450E-1
1.32440E-1
1.32430E-1
1.32420E-1
1.32410E-1
1.32400E-1
1.32390E-1
1.32380E-1
1.32370E-1
1.32360E-1
1.32350E-1
1.32340E-1
1.32330E-1
1.32320E-1
1.32310E-1
1.32300E-1
1.32290E-1
1.32280E-1
1.32270E-1
1.32260E-1
1.32240E-1
1.32240E-1
1.32230E-1
1.32220E-1
1.32210E-1
1.32200E-1
1.32190E-1
1.32170E-1
1.32170E-1
1.32160E-1
1.32150E-1
1.32140E-1
1.32130E-1
1.32110E-1
1.32110E-1
1.32100E-1
1.32090E-1
1.32080E-1
1.32070E-1
1.32060E-1
1.32050E-1
1.32030E-1
1.32030E-1
1.32020E-1
1.32010E-1
1.32000E-1
1.31980E-1
1.31970E-1
1.31960E-1
1.31960E-1
1.31950E-1
1.31940E-1
1.31930E-1
1.31910E-1
1.31900E-1
1.31900E-1
1.31890E-1
1.31880E-1
1.31870E-1
1.31850E-1
1.31850E-1
1.31830E-1
1.31830E-1
1.31820E-1
1.31810E-1
1.31790E-1
1.31780E-1
1.31780E-1
1.31770E-1
1.31760E-1
1.31750E-1
1.31730E-1
1.31730E-1
1.31720E-1
1.31710E-1
1.31700E-1
1.31690E-1
1.31680E-1
1.31660E-1
1.31650E-1
1.31650E-1
1.31640E-1
1.31630E-1
1.31620E-1
1.31610E-1
1.31590E-1
1.31590E-1
1.31580E-1
1.31570E-1
1.31560E-1
1.31550E-1
1.31530E-1
1.31520E-1
1.31510E-1
1.31510E-1
1.31500E-1
1.31490E-1
1.31470E-1
1.31460E-1
1.31460E-1
1.31450E-1
1.31440E-1
1.31430E-1
1.31420E-1
1.31400E-1
1.31400E-1
1.31390E-1
1.31380E-1
1.31370E-1
1.31360E-1
1.31350E-1
1.31340E-1
1.31330E-1
1.31320E-1
1.31310E-1
1.31300E-1
1.31300E-1
1.31280E-1
1.31270E-1
1.31260E-1
1.31250E-1
1.31240E-1
1.31240E-1
1.31220E-1
1.31210E-1
1.31200E-1
1.31190E-1
1.31180E-1
1.31170E-1
1.31170E-1
1.31150E-1
1.31130E-1
1.31120E-1
1.31120E-1
1.31120E-1
1.31100E-1
1.31090E-1
1.31080E-1
1.31070E-1
1.31060E-1
1.31060E-1
1.31040E-1
1.31030E-1
1.31020E-1
1.31010E-1
1.31000E-1
1.31000E-1
1.30990E-1
1.30980E-1
1.30960E-1
1.30940E-1
1.30940E-1
1.30920E-1
1.30910E-1
1.30900E-1
1.30890E-1
1.30880E-1
1.30870E-1
1.30860E-1
1.30860E-1
1.30850E-1
1.30840E-1
1.30820E-1
1.30820E-1
1.30800E-1
1.30790E-1
1.30780E-1
1.30770E-1
1.30770E-1
1.30760E-1
1.30730E-1
1.30730E-1
1.30740E-1
1.30730E-1
1.30720E-1
1.30700E-1
1.30690E-1
1.30680E-1
1.30670E-1
1.30660E-1
1.30660E-1
1.30640E-1
1.30630E-1
1.30620E-1
1.30610E-1
1.30600E-1
1.30590E-1
1.30590E-1
1.30570E-1
1.30560E-1
1.30550E-1
1.30540E-1
1.30530E-1
1.30530E-1
1.30510E-1
1.30500E-1
1.30490E-1
1.30480E-1
1.30480E-1
1.30470E-1
1.30450E-1
1.30440E-1
1.30430E-1
1.30430E-1
1.30410E-1
1.30410E-1
1.30400E-1
1.30380E-1
1.30380E-1
1.30370E-1
1.30360E-1
1.30350E-1
1.30340E-1
1.30320E-1
1.30320E-1
1.30310E-1
1.30300E-1
1.30290E-1
1.30280E-1
1.30270E-1
1.30260E-1
1.30250E-1
1.30240E-1
1.30230E-1
1.30220E-1
1.30220E-1
1.30200E-1
1.30200E-1
1.30180E-1
1.30170E-1
1.30160E-1
1.30160E-1
1.30140E-1
1.30130E-1
1.30120E-1
1.30110E-1
1.30110E-1
1.30100E-1
1.30090E-1
1.30080E-1
1.30070E-1
1.30060E-1
1.30050E-1
1.30050E-1
1.30030E-1
1.30020E-1
1.30010E-1
1.30000E-1
1.29990E-1
1.29990E-1
1.29980E-1
1.29970E-1
1.29950E-1
1.29950E-1
1.29940E-1
1.29930E-1
1.29920E-1
1.29910E-1
1.29900E-1
1.29890E-1
1.29870E-1
1.29870E-1
1.29860E-1
1.29850E-1
1.29840E-1
1.29830E-1
1.29820E-1
1.29810E-1
1.29810E-1
1.29800E-1
1.29790E-1
1.29770E-1
1.29770E-1
1.29760E-1
1.29750E-1
1.29740E-1
1.29730E-1
1.29720E-1
1.29700E-1
1.29700E-1
1.29690E-1
1.29680E-1
1.29670E-1
1.29670E-1
1.29640E-1
1.29630E-1
1.29630E-1
1.29620E-1
1.29620E-1
1.29600E-1
1.29600E-1
1.29580E-1
1.29570E-1
1.29570E-1
1.29560E-1
1.29550E-1
1.29540E-1
1.29530E-1
1.29520E-1
1.29500E-1
1.29500E-1
1.29490E-1
1.29480E-1
1.29470E-1
1.29460E-1
1.29450E-1
1.29440E-1
1.29440E-1
1.29420E-1
1.29420E-1
1.29400E-1
1.29390E-1
1.29390E-1
1.29380E-1
1.29370E-1
1.29360E-1
1.29350E-1
1.29340E-1
1.29330E-1
1.29320E-1
1.29310E-1
1.29300E-1
1.29290E-1
1.29270E-1
1.29270E-1
1.29260E-1
1.29260E-1
1.29240E-1
1.29240E-1
1.29220E-1
1.29220E-1
1.29200E-1
1.29200E-1
1.29190E-1
1.29180E-1
1.29170E-1
1.29160E-1
1.29150E-1
1.29140E-1
1.29130E-1
1.29120E-1
1.29120E-1
1.29100E-1
1.29090E-1
1.29090E-1
1.29080E-1
1.29070E-1
1.29060E-1
1.29050E-1
1.29040E-1
1.29030E-1
1.29020E-1
1.29020E-1
1.29000E-1
1.29000E-1
1.28980E-1
1.28970E-1
1.28970E-1
1.28960E-1
1.28950E-1
1.28940E-1
1.28940E-1
1.28910E-1
1.28910E-1
1.28900E-1
1.28890E-1
1.28880E-1
1.28880E-1
1.28860E-1
1.28850E-1
1.28840E-1
1.28840E-1
1.28830E-1
1.28820E-1
1.28810E-1
1.28790E-1
1.28790E-1
1.28780E-1
1.28770E-1
1.28760E-1
1.28760E-1
1.28740E-1
1.28730E-1
1.28720E-1
1.28720E-1
1.28710E-1
1.28700E-1
1.28690E-1
1.28670E-1
1.28670E-1
1.28660E-1
1.28650E-1
1.28640E-1
1.28630E-1
1.28620E-1
1.28610E-1
1.28600E-1
1.28590E-1
1.28590E-1
1.28580E-1
1.28560E-1
1.28550E-1
1.28550E-1
1.28540E-1
1.28530E-1
1.28520E-1
1.28510E-1
1.28500E-1
1.28490E-1
1.28480E-1
1.28470E-1
1.28460E-1
1.28460E-1
1.28440E-1
1.28430E-1
1.28420E-1
1.28420E-1
1.28410E-1
1.28400E-1
1.28390E-1
1.28380E-1
1.28370E-1
1.28360E-1
1.28350E-1
1.28350E-1
1.28340E-1
1.28320E-1
1.28310E-1
1.28300E-1
1.28300E-1
1.28290E-1
1.28280E-1
1.28270E-1
1.28260E-1
1.28250E-1
1.28250E-1
1.28230E-1
1.28230E-1
1.28220E-1
1.28200E-1
1.28200E-1
1.28190E-1
1.28180E-1
1.28170E-1
1.28160E-1
1.28150E-1
1.28140E-1
1.28130E-1
1.28130E-1
1.28120E-1
1.28110E-1
1.28100E-1
1.28080E-1
1.28080E-1
1.28070E-1
1.28060E-1
1.28060E-1
1.28040E-1
1.28030E-1
1.28020E-1
1.28010E-1
1.28010E-1
1.28000E-1
1.27990E-1
1.27980E-1
1.27970E-1
1.27960E-1
1.27950E-1
1.27950E-1
1.27930E-1
1.27930E-1
1.27910E-1
1.27900E-1
1.27900E-1
1.27890E-1
1.27880E-1
1.27870E-1
1.27860E-1
1.27850E-1
1.27840E-1
1.27830E-1
1.27830E-1
1.27820E-1
1.27810E-1
1.27790E-1
1.27780E-1
1.27770E-1
1.27770E-1
1.27760E-1
1.27750E-1
1.27750E-1
1.27730E-1
1.27720E-1
1.27710E-1
1.27700E-1
1.27700E-1
1.27690E-1
1.27680E-1
1.27660E-1
1.27660E-1
1.27650E-1
1.27640E-1
1.27650E-1
1.27640E-1
1.27620E-1
1.27620E-1
1.27610E-1
1.27590E-1
1.27590E-1
1.27570E-1
1.27550E-1
1.27540E-1
1.27540E-1
1.27530E-1
1.27520E-1
1.27520E-1
1.27520E-1
1.27510E-1
1.27500E-1
1.27490E-1
1.27480E-1
1.27470E-1
1.27460E-1
1.27440E-1
1.27440E-1
1.27430E-1
1.27420E-1
1.27410E-1
1.27400E-1
1.27390E-1
1.27380E-1
1.27370E-1
1.27360E-1
1.27350E-1
1.27350E-1
1.27340E-1
1.27330E-1
1.27320E-1
1.27300E-1
1.27300E-1
1.27300E-1
1.27300E-1
1.27280E-1
1.27270E-1
1.27270E-1
1.27260E-1
1.27250E-1
1.27240E-1
1.27240E-1
1.27220E-1
1.27210E-1
1.27210E-1
1.27200E-1
1.27190E-1
1.27180E-1
1.27170E-1
1.27160E-1
1.27150E-1
1.27140E-1
1.27140E-1
1.27130E-1
1.27120E-1
1.27110E-1
1.27100E-1
1.27090E-1
1.27080E-1
1.27080E-1
1.27070E-1
1.27050E-1
1.27040E-1
1.27040E-1
1.27030E-1
1.27020E-1
1.27010E-1
1.27000E-1
1.26990E-1
1.26980E-1
1.26970E-1
1.26970E-1
1.26960E-1
1.26950E-1
1.26940E-1
1.26930E-1
1.26920E-1
1.26910E-1
1.26910E-1
1.26900E-1
1.26880E-1
1.26870E-1
1.26870E-1
1.26860E-1
1.26860E-1
1.26840E-1
1.26830E-1
1.26820E-1
1.26820E-1
1.26810E-1
1.26800E-1
1.26790E-1
1.26780E-1
1.26770E-1
1.26760E-1
1.26750E-1
1.26740E-1
1.26740E-1
1.26730E-1
1.26710E-1
1.26710E-1
1.26700E-1
1.26690E-1
1.26680E-1
1.26680E-1
1.26670E-1
1.26650E-1
1.26640E-1
1.26640E-1
1.26630E-1
1.26620E-1
1.26610E-1
1.26600E-1
1.26590E-1
1.26580E-1
1.26580E-1
1.26570E-1
1.26560E-1
1.26560E-1
1.26540E-1
1.26530E-1
1.26530E-1
1.26520E-1
1.26510E-1
1.26500E-1
1.26490E-1
1.26480E-1
1.26470E-1
1.26460E-1
1.26460E-1
1.26450E-1
1.26430E-1
1.26430E-1
1.26420E-1
1.26410E-1
1.26400E-1
1.26400E-1
1.26390E-1
1.26370E-1
1.26360E-1
1.26360E-1
1.26350E-1
1.26340E-1
1.26330E-1
1.26320E-1
1.26310E-1
1.26310E-1
1.26300E-1
1.26290E-1
1.26280E-1
1.26280E-1
1.26260E-1
1.26250E-1
1.26250E-1
1.26230E-1
1.26230E-1
1.26220E-1
1.26210E-1
1.26200E-1
1.26190E-1
1.26180E-1
1.26180E-1
1.26160E-1
1.26150E-1
1.26140E-1
1.26120E-1
1.26110E-1
1.26110E-1
1.26100E-1
1.26090E-1
1.26080E-1
1.26070E-1
1.26070E-1
1.26070E-1
1.26060E-1
1.26060E-1
1.26050E-1
1.26030E-1
1.26030E-1
1.26020E-1
1.26010E-1
1.26000E-1
1.25990E-1
1.25980E-1
1.25970E-1
1.25970E-1
1.25960E-1
1.25950E-1
1.25940E-1
1.25930E-1
1.25920E-1
1.25910E-1
1.25900E-1
1.25900E-1
1.25890E-1
1.25880E-1
1.25870E-1
1.25860E-1
1.25850E-1
1.25850E-1
1.25830E-1
1.25830E-1
1.25810E-1
1.25810E-1
1.25800E-1
1.25790E-1
1.25780E-1
1.25780E-1
1.25770E-1
1.25750E-1
1.25750E-1
1.25740E-1
1.25730E-1
1.25730E-1
1.25720E-1
1.25700E-1
1.25690E-1
1.25690E-1
1.25680E-1
1.25670E-1
1.25670E-1
1.25660E-1
1.25650E-1
1.25640E-1
1.25630E-1
1.25620E-1
1.25620E-1
1.25600E-1
1.25580E-1
1.25570E-1
1.25560E-1
1.25550E-1
1.25540E-1
1.25540E-1
1.25530E-1
1.25520E-1
1.25500E-1
1.25500E-1
1.25500E-1
1.25490E-1
1.25480E-1
1.25480E-1
1.25470E-1
1.25470E-1
1.25460E-1
1.25450E-1
1.25440E-1
1.25440E-1
1.25420E-1
1.25410E-1
1.25400E-1
1.25400E-1
1.25390E-1
1.25380E-1
1.25370E-1
1.25360E-1
1.25360E-1
1.25350E-1
1.25340E-1
1.25330E-1
1.25320E-1
1.25290E-1
1.25290E-1
1.25280E-1
1.25270E-1
1.25270E-1
1.25260E-1
1.25240E-1
1.25240E-1
1.25230E-1
1.25220E-1
1.25220E-1
1.25210E-1
1.25190E-1
1.25190E-1
1.25180E-1
1.25170E-1
1.25160E-1
1.25160E-1
1.25150E-1
1.25140E-1
1.25130E-1
1.25120E-1
1.25110E-1
1.25110E-1
1.25100E-1
1.25080E-1
1.25080E-1
1.25070E-1
1.25060E-1
1.25060E-1
1.25050E-1
1.25040E-1
1.25030E-1
1.25020E-1
1.25010E-1
1.25000E-1
1.25000E-1
1.24990E-1
1.24970E-1
1.24970E-1
1.24960E-1
1.24960E-1
1.24950E-1
1.24940E-1
1.24930E-1
1.24910E-1
1.24910E-1
1.24910E-1
1.24890E-1
1.24890E-1
1.24880E-1
1.24870E-1
1.24860E-1
1.24850E-1
1.24840E-1
1.24840E-1
1.24830E-1
1.24820E-1
1.24810E-1
1.24800E-1
1.24790E-1
1.24780E-1
1.24780E-1
1.24770E-1
1.24760E-1
1.24750E-1
1.24740E-1
1.24740E-1
1.24730E-1
1.24720E-1
1.24720E-1
1.24710E-1
1.24700E-1
1.24690E-1
1.24690E-1
1.24680E-1
1.24670E-1
1.24660E-1
1.24660E-1
1.24640E-1
1.24640E-1
1.24630E-1
1.24620E-1
1.24610E-1
1.24600E-1
1.24600E-1
1.24590E-1
1.24580E-1
1.24570E-1
1.24560E-1
1.24550E-1
1.24550E-1
1.24540E-1
1.24530E-1
1.24520E-1
1.24510E-1
1.24500E-1
1.24490E-1
1.24490E-1
1.24480E-1
1.24470E-1
1.24460E-1
1.24450E-1
1.24440E-1
1.24440E-1
1.24430E-1
1.24420E-1
1.24410E-1
1.24410E-1
1.24390E-1
1.24390E-1
1.24380E-1
1.24370E-1
1.24360E-1
1.24360E-1
1.24350E-1
1.24330E-1
1.24330E-1
1.24320E-1
1.24310E-1
1.24300E-1
1.24280E-1
1.24280E-1
1.24280E-1
1.24270E-1
1.24260E-1
1.24260E-1
1.24250E-1
1.24240E-1
1.24230E-1
1.24220E-1
1.24220E-1
1.24210E-1
1.24200E-1
1.24190E-1
1.24180E-1
1.24170E-1
1.24170E-1
1.24160E-1
1.24150E-1
1.24140E-1
1.24130E-1
1.24120E-1
1.24120E-1
1.24110E-1
1.24100E-1
1.24090E-1
1.24080E-1
1.24070E-1
1.24070E-1
1.24050E-1
1.24040E-1
1.24030E-1
1.24020E-1
1.24010E-1
1.24000E-1
1.24000E-1
1.23990E-1
1.23990E-1
1.23990E-1
1.23970E-1
1.23970E-1
1.23960E-1
1.23950E-1
1.23950E-1
1.23940E-1
1.23920E-1
1.23920E-1
1.23910E-1
1.23900E-1
1.23900E-1
1.23890E-1
1.23880E-1
1.23870E-1
1.23860E-1
1.23850E-1
1.23840E-1
1.23840E-1
1.23830E-1
1.23820E-1
1.23810E-1
1.23800E-1
1.23790E-1
1.23790E-1
1.23780E-1
1.23770E-1
1.23760E-1
1.23750E-1
1.23740E-1
1.23740E-1
1.23730E-1
1.23730E-1
1.23710E-1
1.23700E-1
1.23700E-1
1.23690E-1
1.23690E-1
1.23670E-1
1.23660E-1
1.23650E-1
1.23650E-1
1.23640E-1
1.23630E-1
1.23630E-1
1.23610E-1
1.23600E-1
1.23600E-1
1.23590E-1
1.23590E-1
1.23580E-1
1.23570E-1
1.23560E-1
1.23550E-1
1.23540E-1
1.23530E-1
1.23530E-1
1.23520E-1
1.23500E-1
1.23500E-1
1.23490E-1
1.23490E-1
1.23480E-1
1.23470E-1
1.23470E-1
1.23450E-1
1.23440E-1
1.23440E-1
1.23430E-1
1.23420E-1
1.23410E-1
1.23400E-1
1.23400E-1
1.23390E-1
1.23380E-1
1.23370E-1
1.23370E-1
1.23350E-1
1.23340E-1
1.23340E-1
1.23340E-1
1.23320E-1
1.23320E-1
1.23310E-1
1.23300E-1
1.23290E-1
1.23280E-1
1.23270E-1
1.23270E-1
1.23260E-1
1.23250E-1
1.23240E-1
1.23230E-1
1.23230E-1
1.23220E-1
1.23210E-1
1.23210E-1
1.23190E-1
1.23190E-1
1.23170E-1
1.23170E-1
1.23160E-1
1.23160E-1
1.23140E-1
1.23140E-1
1.23130E-1
1.23120E-1
1.23110E-1
1.23110E-1
1.23090E-1
1.23090E-1
1.23080E-1
1.23080E-1
1.23060E-1
1.23060E-1
1.23060E-1
1.23040E-1
1.23040E-1
1.23030E-1
1.23020E-1
1.23010E-1
1.23010E-1
1.22990E-1
1.22990E-1
1.22980E-1
1.22970E-1
1.22960E-1
1.22960E-1
1.22950E-1
1.22940E-1
1.22930E-1
1.22920E-1
1.22920E-1
1.22910E-1
1.22900E-1
1.22890E-1
1.22880E-1
1.22880E-1
1.22870E-1
1.22860E-1
1.22860E-1
1.22850E-1
1.22830E-1
1.22820E-1
1.22820E-1
1.22810E-1
1.22810E-1
1.22790E-1
1.22780E-1
1.22780E-1
1.22770E-1
1.22760E-1
1.22760E-1
1.22750E-1
1.22740E-1
1.22730E-1
1.22720E-1
1.22710E-1
1.22710E-1
1.22710E-1
1.22700E-1
1.22680E-1
1.22680E-1
1.22670E-1
1.22660E-1
1.22650E-1
1.22650E-1
1.22630E-1
1.22630E-1
1.22620E-1
1.22610E-1
1.22610E-1
1.22600E-1
1.22590E-1
1.22580E-1
1.22570E-1
1.22560E-1
1.22560E-1
1.22550E-1
1.22550E-1
1.22530E-1
1.22520E-1
1.22520E-1
1.22510E-1
1.22510E-1
1.22500E-1
1.22480E-1
1.22480E-1
1.22470E-1
1.22460E-1
1.22460E-1
1.22450E-1
1.22440E-1
1.22430E-1
1.22420E-1
1.22410E-1
1.22410E-1
1.22400E-1
1.22390E-1
1.22380E-1
1.22370E-1
1.22370E-1
1.22360E-1
1.22350E-1
1.22350E-1
1.22330E-1
1.22330E-1
1.22320E-1
1.22310E-1
1.22310E-1
1.22300E-1
1.22280E-1
1.22280E-1
1.22270E-1
1.22270E-1
1.22260E-1
1.22250E-1
1.22250E-1
1.22230E-1
1.22230E-1
1.22220E-1
1.22210E-1
1.22200E-1
1.22200E-1
1.22180E-1
1.22180E-1
1.22170E-1
1.22170E-1
1.22160E-1
1.22150E-1
1.22150E-1
1.22130E-1
1.22120E-1
1.22120E-1
1.22110E-1
1.22100E-1
1.22100E-1
1.22080E-1
1.22080E-1
1.22070E-1
1.22060E-1
1.22060E-1
1.22050E-1
1.22030E-1
1.22030E-1
1.22020E-1
1.22020E-1
1.22010E-1
1.22000E-1
1.22000E-1
1.21980E-1
1.21970E-1
1.21970E-1
1.21960E-1
1.21960E-1
1.21950E-1
1.21940E-1
1.21930E-1
1.21920E-1
1.21920E-1
1.21910E-1
1.21900E-1
1.21890E-1
1.21880E-1
1.21870E-1
1.21870E-1
1.21860E-1
1.21850E-1
1.21850E-1
1.21840E-1
1.21830E-1
1.21820E-1
1.21810E-1
1.21810E-1
1.21800E-1
1.21790E-1
1.21780E-1
1.21770E-1
1.21770E-1
1.21760E-1
1.21750E-1
1.21750E-1
1.21740E-1
1.21730E-1
1.21720E-1
1.21710E-1
1.21710E-1
1.21700E-1
1.21690E-1
1.21680E-1
1.21670E-1
1.21670E-1
1.21660E-1
1.21650E-1
1.21650E-1
1.21630E-1
1.21630E-1
1.21620E-1
1.21610E-1
1.21610E-1
1.21600E-1
1.21590E-1
1.21580E-1
1.21570E-1
1.21570E-1
1.21560E-1
1.21550E-1
1.21540E-1
1.21530E-1
1.21530E-1
1.21520E-1
1.21520E-1
1.21510E-1
1.21500E-1
1.21490E-1
1.21480E-1
1.21470E-1
1.21470E-1
1.21460E-1
1.21450E-1
1.21440E-1
1.21440E-1
1.21430E-1
1.21420E-1
1.21410E-1
1.21410E-1
1.21400E-1
1.21390E-1
1.21380E-1
1.21370E-1
1.21370E-1
1.21360E-1
1.21350E-1
1.21340E-1
1.21340E-1
1.21330E-1
1.21320E-1
1.21320E-1
1.21310E-1
1.21290E-1
1.21290E-1
1.21280E-1
1.21270E-1
1.21270E-1
1.21260E-1
1.21260E-1
1.21240E-1
1.21230E-1
1.21230E-1
1.21220E-1
1.21210E-1
1.21210E-1
1.21200E-1
1.21190E-1
1.21180E-1
1.21180E-1
1.21170E-1
1.21160E-1
1.21160E-1
1.21140E-1
1.21140E-1
1.21130E-1
1.21130E-1
1.21120E-1
1.21110E-1
1.21100E-1
1.21090E-1
1.21090E-1
1.21080E-1
1.21080E-1
1.21070E-1
1.21060E-1
1.21050E-1
1.21040E-1
1.21030E-1
1.21030E-1
1.21020E-1
1.21010E-1
1.21000E-1
1.20990E-1
1.20990E-1
1.20980E-1
1.20980E-1
1.20970E-1
1.20960E-1
1.20950E-1
1.20940E-1
1.20940E-1
1.20930E-1
1.20920E-1
1.20920E-1
1.20900E-1
1.20900E-1
1.20890E-1
1.20880E-1
1.20880E-1
1.20870E-1
1.20860E-1
1.20850E-1
1.20840E-1
1.20840E-1
1.20830E-1
1.20830E-1
1.20810E-1
1.20810E-1
1.20800E-1
1.20790E-1
1.20780E-1
1.20780E-1
1.20780E-1
1.20760E-1
1.20750E-1
1.20750E-1
1.20740E-1
1.20730E-1
1.20730E-1
1.20710E-1
1.20710E-1
1.20700E-1
1.20700E-1
1.20690E-1
1.20680E-1
1.20680E-1
1.20660E-1
1.20660E-1
1.20650E-1
1.20640E-1
1.20640E-1
1.20630E-1
1.20620E-1
1.20610E-1
1.20610E-1
1.20600E-1
1.20590E-1
1.20580E-1
1.20580E-1
1.20570E-1
1.20560E-1
1.20550E-1
1.20550E-1
1.20540E-1
1.20530E-1
1.20520E-1
1.20520E-1
1.20510E-1
1.20500E-1
1.20500E-1
1.20490E-1
1.20480E-1
1.20470E-1
1.20460E-1
1.20460E-1
1.20450E-1
1.20440E-1
1.20440E-1
1.20430E-1
1.20420E-1
1.20410E-1
1.20400E-1
1.20400E-1
1.20390E-1
1.20390E-1
1.20380E-1
1.20370E-1
1.20360E-1
1.20350E-1
1.20350E-1
1.20340E-1
1.20330E-1
1.20320E-1
1.20310E-1
1.20310E-1
1.20300E-1
1.20300E-1
1.20290E-1
1.20280E-1
1.20280E-1
1.20270E-1
1.20260E-1
1.20250E-1
1.20250E-1
1.20230E-1
1.20230E-1
1.20220E-1
1.20220E-1
1.20210E-1
1.20200E-1
1.20200E-1
1.20180E-1
1.20180E-1
1.20170E-1
1.20170E-1
1.20160E-1
1.20150E-1
1.20140E-1
1.20130E-1
1.20130E-1
1.20120E-1
1.20120E-1
1.20110E-1
1.20100E-1
1.20090E-1
1.20080E-1
1.20070E-1
1.20070E-1
1.20060E-1
1.20050E-1
1.20040E-1
1.20040E-1
1.20030E-1
1.20030E-1
1.20020E-1
1.20020E-1
1.20000E-1
1.20000E-1
1.19990E-1
1.19980E-1
1.19970E-1
1.19970E-1
1.19960E-1
1.19950E-1
1.19940E-1
1.19930E-1
1.19930E-1
1.19920E-1
1.19920E-1
1.19910E-1
1.19900E-1
1.19890E-1
1.19890E-1
1.19880E-1
1.19870E-1
1.19870E-1
1.19850E-1
1.19850E-1
1.19840E-1
1.19840E-1
1.19830E-1
1.19820E-1
1.19810E-1
1.19800E-1
1.19800E-1
1.19790E-1
1.19790E-1
1.19780E-1
1.19770E-1
1.19760E-1
1.19750E-1
1.19750E-1
1.19740E-1
1.19740E-1
1.19730E-1
1.19720E-1
1.19710E-1
1.19700E-1
1.19700E-1
1.19690E-1
1.19690E-1
1.19680E-1
1.19670E-1
1.19660E-1
1.19650E-1
1.19650E-1
1.19640E-1
1.19630E-1
1.19620E-1
1.19620E-1
1.19610E-1
1.19600E-1
1.19600E-1
1.19590E-1
1.19580E-1
1.19570E-1
1.19570E-1
1.19560E-1
1.19550E-1
1.19550E-1
1.19540E-1
1.19530E-1
1.19520E-1
1.19520E-1
1.19510E-1
1.19500E-1
1.19500E-1
1.19490E-1
1.19480E-1
1.19470E-1
1.19470E-1
1.19460E-1
1.19450E-1
1.19450E-1
1.19430E-1
1.19430E-1
1.19420E-1
1.19410E-1
1.19410E-1
1.19400E-1
1.19390E-1
1.19380E-1
1.19380E-1
1.19370E-1
1.19370E-1
1.19360E-1
1.19360E-1
1.19340E-1
1.19340E-1
1.19330E-1
1.19320E-1
1.19320E-1
1.19310E-1
1.19300E-1
1.19290E-1
1.19290E-1
1.19280E-1
1.19270E-1
1.19270E-1
1.19260E-1
1.19250E-1
1.19240E-1
1.19240E-1
1.19230E-1
1.19220E-1
1.19220E-1
1.19210E-1
1.19200E-1
1.19190E-1
1.19190E-1
1.19180E-1
1.19180E-1
1.19160E-1
1.19160E-1
1.19150E-1
1.19140E-1
1.19140E-1
1.19130E-1
1.19120E-1
1.19110E-1
1.19100E-1
1.19100E-1
1.19090E-1
1.19090E-1
1.19080E-1
1.19070E-1
1.19060E-1
1.19060E-1
1.19050E-1
1.19040E-1
1.19040E-1
1.19030E-1
1.19020E-1
1.19010E-1
1.19010E-1
1.19000E-1
1.18990E-1
1.18990E-1
1.18980E-1
1.18970E-1
1.18960E-1
1.18960E-1
1.18950E-1
1.18940E-1
1.18940E-1
1.18930E-1
1.18920E-1
1.18910E-1
1.18910E-1
1.18900E-1
1.18900E-1
1.18880E-1
1.18880E-1
1.18870E-1
1.18860E-1
1.18860E-1
1.18850E-1
1.18850E-1
1.18830E-1
1.18830E-1
1.18820E-1
1.18810E-1
1.18810E-1
1.18800E-1
1.18790E-1
1.18780E-1
1.18780E-1
1.18770E-1
1.18760E-1
1.18760E-1
1.18750E-1
1.18740E-1
1.18740E-1
1.18730E-1
1.18720E-1
1.18710E-1
1.18710E-1
1.18710E-1
1.18700E-1
1.18690E-1
1.18690E-1
1.18670E-1
1.18670E-1
1.18650E-1
1.18650E-1
1.18640E-1
1.18640E-1
1.18630E-1
1.18630E-1
1.18620E-1
1.18610E-1
1.18600E-1
1.18590E-1
1.18590E-1
1.18580E-1
1.18580E-1
1.18560E-1
1.18560E-1
1.18550E-1
1.18550E-1
1.18540E-1
1.18530E-1
1.18530E-1
1.18520E-1
1.18510E-1
1.18500E-1
1.18500E-1
1.18490E-1
1.18490E-1
1.18470E-1
1.18470E-1
1.18460E-1
1.18450E-1
1.18450E-1
1.18440E-1
1.18440E-1
1.18420E-1
1.18420E-1
1.18410E-1
1.18410E-1
1.18400E-1
1.18400E-1
1.18380E-1
1.18380E-1
1.18370E-1
1.18360E-1
1.18360E-1
1.18350E-1
1.18350E-1
1.18330E-1
1.18330E-1
1.18320E-1
1.18320E-1
1.18310E-1
1.18300E-1
1.18290E-1
1.18290E-1
1.18280E-1
1.18270E-1
1.18270E-1
1.18260E-1
1.18250E-1
1.18250E-1
1.18240E-1
1.18230E-1
1.18220E-1
1.18220E-1
1.18220E-1
1.18200E-1
1.18190E-1
1.18190E-1
1.18180E-1
1.18180E-1
1.18170E-1
1.18160E-1
1.18150E-1
1.18150E-1
1.18140E-1
1.18140E-1
1.18130E-1
1.18120E-1
1.18110E-1
1.18100E-1
1.18100E-1
1.18090E-1
1.18090E-1
1.18080E-1
1.18070E-1
1.18060E-1
1.18060E-1
1.18050E-1
1.18050E-1
1.18040E-1
1.18030E-1
1.18020E-1
1.18020E-1
1.18010E-1
1.18000E-1
1.18000E-1
1.17990E-1
1.17980E-1
1.17970E-1
1.17970E-1
1.17960E-1
1.17950E-1
1.17950E-1
1.17940E-1
1.17930E-1
1.17920E-1
1.17920E-1
1.17910E-1
1.17910E-1
1.17900E-1
1.17890E-1
1.17880E-1
1.17880E-1
1.17870E-1
1.17870E-1
1.17850E-1
1.17840E-1
1.17850E-1
1.17840E-1
1.17840E-1
1.17830E-1
1.17820E-1
1.17810E-1
1.17800E-1
1.17800E-1
1.17790E-1
1.17790E-1
1.17780E-1
1.17770E-1
1.17760E-1
1.17760E-1
1.17750E-1
1.17740E-1
1.17740E-1
1.17730E-1
1.17720E-1
1.17720E-1
1.17710E-1
1.17700E-1
1.17690E-1
1.17690E-1
1.17680E-1
1.17670E-1
1.17670E-1
1.17660E-1
1.17660E-1
1.17650E-1
1.17640E-1
1.17630E-1
1.17620E-1
1.17620E-1
1.17610E-1
1.17610E-1
1.17600E-1
1.17590E-1
1.17580E-1
1.17580E-1
1.17570E-1
1.17560E-1
1.17550E-1
1.17560E-1
1.17540E-1
1.17530E-1
1.17530E-1
1.17520E-1
1.17520E-1
1.17510E-1
1.17510E-1
1.17500E-1
1.17490E-1
1.17480E-1
1.17470E-1
1.17470E-1
1.17460E-1
1.17450E-1
1.17450E-1
1.17440E-1
1.17430E-1
1.17430E-1
1.17420E-1
1.17410E-1
1.17410E-1
1.17400E-1
1.17390E-1
1.17390E-1
1.17380E-1
1.17380E-1
1.17360E-1
1.17360E-1
1.17350E-1
1.17350E-1
1.17340E-1
1.17340E-1
1.17330E-1
1.17320E-1
1.17310E-1
1.17310E-1
1.17300E-1
1.17290E-1
1.17280E-1
1.17280E-1
1.17270E-1
1.17260E-1
1.17260E-1
1.17260E-1
1.17250E-1
1.17240E-1
1.17230E-1
1.17230E-1
1.17220E-1
1.17220E-1
1.17210E-1
1.17200E-1
1.17190E-1
1.17180E-1
1.17180E-1
1.17180E-1
1.17170E-1
1.17160E-1
1.17150E-1
1.17150E-1
1.17140E-1
1.17130E-1
1.17130E-1
1.17120E-1
1.17110E-1
1.17100E-1
1.17100E-1
1.17090E-1
1.17090E-1
1.17080E-1
1.17080E-1
1.17060E-1
1.17060E-1
1.17050E-1
1.17040E-1
1.17040E-1
1.17040E-1
1.17020E-1
1.17020E-1
1.17010E-1
1.17010E-1
1.17000E-1
1.16990E-1
1.16990E-1
1.16980E-1
1.16970E-1
1.16970E-1
1.16960E-1
1.16950E-1
1.16950E-1
1.16940E-1
1.16930E-1
1.16930E-1
1.16920E-1
1.16910E-1
1.16910E-1
1.16900E-1
1.16890E-1
1.16880E-1
1.16880E-1
1.16870E-1
1.16870E-1
1.16860E-1
1.16850E-1
1.16850E-1
1.16840E-1
1.16830E-1
1.16830E-1
1.16820E-1
1.16810E-1
1.16800E-1
1.16800E-1
1.16790E-1
1.16790E-1
1.16780E-1
1.16770E-1
1.16760E-1
1.16760E-1
1.16750E-1
1.16750E-1
1.16750E-1
1.16740E-1
1.16720E-1
1.16720E-1
1.16710E-1
1.16710E-1
1.16700E-1
1.16700E-1
1.16690E-1
1.16680E-1
1.16670E-1
1.16670E-1
1.16660E-1
1.16650E-1
1.16650E-1
1.16640E-1
1.16630E-1
1.16630E-1
1.16620E-1
1.16620E-1
1.16610E-1
1.16610E-1
1.16590E-1
1.16590E-1
1.16580E-1
1.16580E-1
1.16570E-1
1.16560E-1
1.16550E-1
1.16550E-1
1.16540E-1
1.16530E-1
1.16530E-1
1.16520E-1
1.16510E-1
1.16510E-1
1.16500E-1
1.16500E-1
1.16490E-1
1.16480E-1
1.16480E-1
1.16470E-1
1.16460E-1
1.16460E-1
1.16450E-1
1.16440E-1
1.16440E-1
1.16430E-1
1.16420E-1
1.16420E-1
1.16410E-1
1.16400E-1
1.16400E-1
1.16390E-1
1.16380E-1
1.16380E-1
1.16370E-1
1.16370E-1
1.16360E-1
1.16350E-1
1.16340E-1
1.16340E-1
1.16330E-1
1.16320E-1
1.16320E-1
1.16310E-1
1.16300E-1
1.16300E-1
1.16290E-1
1.16280E-1
1.16280E-1
1.16280E-1
1.16270E-1
1.16260E-1
1.16250E-1
1.16250E-1
1.16240E-1
1.16230E-1
1.16230E-1
1.16220E-1
1.16210E-1
1.16200E-1
1.16200E-1
1.16200E-1
1.16190E-1
1.16190E-1
1.16170E-1
1.16170E-1
1.16160E-1
1.16160E-1
1.16150E-1
1.16140E-1
1.16140E-1
1.16130E-1
1.16120E-1
1.16120E-1
1.16110E-1
1.16100E-1
1.16100E-1
1.16090E-1
1.16080E-1
1.16070E-1
1.16070E-1
1.16070E-1
1.16060E-1
1.16050E-1
1.16040E-1
1.16040E-1
1.16030E-1
1.16030E-1
1.16020E-1
1.16010E-1
1.16000E-1
1.16000E-1
1.15990E-1
1.15990E-1
1.15980E-1
1.15970E-1
1.15960E-1
1.15960E-1
1.15950E-1
1.15950E-1
1.15940E-1
1.15940E-1
1.15930E-1
1.15920E-1
1.15910E-1
1.15910E-1
1.15900E-1
1.15900E-1
1.15890E-1
1.15880E-1
1.15870E-1
1.15870E-1
1.15860E-1
1.15860E-1
1.15850E-1
1.15840E-1
1.15830E-1
1.15830E-1
1.15820E-1
1.15820E-1
1.15810E-1
1.15810E-1
1.15800E-1
1.15790E-1
1.15790E-1
1.15780E-1
1.15770E-1
1.15770E-1
1.15760E-1
1.15750E-1
1.15750E-1
1.15740E-1
1.15740E-1
1.15730E-1
1.15720E-1
1.15710E-1
1.15710E-1
1.15700E-1
1.15690E-1
1.15690E-1
1.15690E-1
1.15670E-1
1.15670E-1
1.15660E-1
1.15660E-1
1.15650E-1
1.15650E-1
1.15640E-1
1.15630E-1
1.15620E-1
1.15620E-1
1.15610E-1
1.15610E-1
1.15600E-1
1.15590E-1
1.15580E-1
1.15580E-1
1.15570E-1
1.15570E-1
1.15560E-1
1.15550E-1
1.15550E-1
1.15540E-1
1.15540E-1
1.15530E-1
1.15520E-1
1.15520E-1
1.15510E-1
1.15500E-1
1.15500E-1
1.15490E-1
1.15490E-1
1.15480E-1
1.15470E-1
1.15460E-1
1.15460E-1
1.15460E-1
1.15450E-1
1.15440E-1
1.15440E-1
1.15430E-1
1.15420E-1
1.15410E-1
1.15410E-1
1.15400E-1
1.15400E-1
1.15390E-1
1.15380E-1
1.15380E-1
1.15370E-1
1.15370E-1
1.15360E-1
1.15350E-1
1.15340E-1
1.15340E-1
1.15330E-1
1.15330E-1
1.15320E-1
1.15310E-1
1.15300E-1
1.15300E-1
1.15290E-1
1.15290E-1
1.15280E-1
1.15280E-1
1.15270E-1
1.15260E-1
1.15250E-1
1.15260E-1
1.15240E-1
1.15240E-1
1.15230E-1
1.15230E-1
1.15220E-1
1.15210E-1
1.15210E-1
1.15200E-1
1.15190E-1
1.15180E-1
1.15180E-1
1.15170E-1
1.15170E-1
1.15160E-1
1.15160E-1
1.15150E-1
1.15140E-1
1.15130E-1
1.15130E-1
1.15130E-1
1.15120E-1
1.15120E-1
1.15100E-1
1.15100E-1
1.15090E-1
1.15090E-1
1.15080E-1
1.15080E-1
1.15070E-1
1.15060E-1
1.15060E-1
1.15050E-1
1.15050E-1
1.15040E-1
1.15030E-1
1.15020E-1
1.15020E-1
1.15010E-1
1.15010E-1
1.15000E-1
1.15000E-1
1.14990E-1
1.14980E-1
1.14970E-1
1.14970E-1
1.14960E-1
1.14960E-1
1.14950E-1
1.14940E-1
1.14930E-1
1.14930E-1
1.14920E-1
1.14920E-1
1.14910E-1
1.14910E-1
1.14900E-1
1.14890E-1
1.14890E-1
1.14880E-1
1.14870E-1
1.14870E-1
1.14860E-1
1.14850E-1
1.14850E-1
1.14840E-1
1.14830E-1
1.14830E-1
1.14830E-1
1.14810E-1
1.14810E-1
1.14800E-1
1.14800E-1
1.14800E-1
1.14790E-1
1.14780E-1
1.14770E-1
1.14770E-1
1.14760E-1
1.14750E-1
1.14750E-1
1.14750E-1
1.14730E-1
1.14730E-1
1.14720E-1
1.14720E-1
1.14710E-1
1.14710E-1
1.14700E-1
1.14690E-1
1.14690E-1
1.14680E-1
1.14670E-1
1.14670E-1
1.14660E-1
1.14650E-1
1.14650E-1
1.14640E-1
1.14640E-1
1.14630E-1
1.14630E-1
1.14620E-1
1.14610E-1
1.14600E-1
1.14600E-1
1.14590E-1
1.14590E-1
1.14580E-1
1.14570E-1
1.14570E-1
1.14570E-1
1.14540E-1
1.14550E-1
1.14550E-1
1.14550E-1
1.14530E-1
1.14520E-1
1.14520E-1
1.14520E-1
1.14520E-1
1.14510E-1
1.14490E-1
1.14490E-1
1.14480E-1
1.14480E-1
1.14470E-1
1.14470E-1
1.14460E-1
1.14450E-1
1.14450E-1
1.14440E-1
1.14430E-1
1.14430E-1
1.14420E-1
1.14410E-1
1.14410E-1
1.14400E-1
1.14400E-1
1.14390E-1
1.14380E-1
1.14370E-1
1.14370E-1
1.14360E-1
1.14370E-1
1.14350E-1
1.14350E-1
1.14340E-1
1.14340E-1
1.14330E-1
1.14320E-1
1.14320E-1
1.14310E-1
1.14310E-1
1.14300E-1
1.14290E-1
1.14290E-1
1.14280E-1
1.14260E-1
1.14280E-1
1.14260E-1
1.14250E-1
1.14250E-1
1.14240E-1
1.14240E-1
1.14230E-1
1.14230E-1
1.14220E-1
1.14210E-1
1.14210E-1
1.14200E-1
1.14190E-1
1.14190E-1
1.14180E-1
1.14170E-1
1.14170E-1
1.14170E-1
1.14160E-1
1.14150E-1
1.14150E-1
1.14140E-1
1.14130E-1
1.14130E-1
1.14120E-1
1.14120E-1
1.14110E-1
1.14100E-1
1.14100E-1
1.14090E-1
1.14090E-1
1.14080E-1
1.14070E-1
1.14070E-1
1.14060E-1
1.14050E-1
1.14050E-1
1.14040E-1
1.14040E-1
1.14030E-1
1.14020E-1
1.14020E-1
1.14010E-1
1.14000E-1
1.14000E-1
1.13990E-1
1.13980E-1
1.13970E-1
1.13970E-1
1.13960E-1
1.13960E-1
1.13950E-1
1.13950E-1
1.13930E-1
1.13930E-1
1.13940E-1
1.13930E-1
1.13920E-1
1.13920E-1
1.13910E-1
1.13910E-1
1.13890E-1
1.13890E-1
1.13880E-1
1.13880E-1
1.13870E-1
1.13860E-1
1.13860E-1
1.13860E-1
1.13850E-1
1.13840E-1
1.13840E-1
1.13820E-1
1.13820E-1
1.13820E-1
1.13810E-1
1.13810E-1
1.13800E-1
1.13790E-1
1.13780E-1
1.13780E-1
1.13770E-1
1.13770E-1
1.13770E-1
1.13760E-1
1.13750E-1
1.13750E-1
1.13740E-1
1.13740E-1
1.13730E-1
1.13720E-1
1.13720E-1
1.13710E-1
1.13700E-1
1.13700E-1
1.13690E-1
1.13680E-1
1.13680E-1
1.13670E-1
1.13670E-1
1.13660E-1
1.13660E-1
1.13650E-1
1.13640E-1
1.13630E-1
1.13630E-1
1.13620E-1
1.13620E-1
1.13610E-1
1.13610E-1
1.13600E-1
1.13590E-1
1.13590E-1
1.13580E-1
1.13580E-1
1.13580E-1
1.13570E-1
1.13560E-1
1.13550E-1
1.13540E-1
1.13540E-1
1.13540E-1
1.13530E-1
1.13530E-1
1.13520E-1
1.13510E-1
1.13510E-1
1.13500E-1
1.13500E-1
1.13490E-1
1.13480E-1
1.13480E-1
1.13470E-1
1.13470E-1
1.13460E-1
1.13460E-1
1.13450E-1
1.13440E-1
