1.79350E-1
1.79330E-1
1.79300E-1
1.79270E-1
1.79220E-1
1.79200E-1
1.79170E-1
1.79150E-1
1.79120E-1
1.79090E-1
1.79020E-1
1.78960E-1
1.78880E-1
1.78780E-1
1.78690E-1
1.78600E-1
1.78470E-1
1.78400E-1
1.78340E-1
1.78280E-1
1.78220E-1
1.78160E-1
1.78100E-1
1.77990E-1
1.77930E-1
1.77870E-1
1.77820E-1
1.77760E-1
1.77710E-1
1.77610E-1
1.77560E-1
1.77500E-1
1.77460E-1
1.77400E-1
1.77350E-1
1.77300E-1
1.77210E-1
1.77160E-1
1.77110E-1
1.77060E-1
1.77020E-1
1.76970E-1
1.76870E-1
1.76830E-1
1.76790E-1
1.76740E-1
1.76690E-1
1.76640E-1
1.76600E-1
1.76510E-1
1.76460E-1
1.76420E-1
1.76370E-1
1.76330E-1
1.76280E-1
1.76190E-1
1.76150E-1
1.76100E-1
1.76060E-1
1.76020E-1
1.75970E-1
1.75880E-1
1.75840E-1
1.75800E-1
1.75750E-1
1.75710E-1
1.75660E-1
1.75620E-1
1.75540E-1
1.75490E-1
1.75450E-1
1.75400E-1
1.75360E-1
1.75310E-1
1.75230E-1
1.75190E-1
1.75140E-1
1.75100E-1
1.75060E-1
1.75020E-1
1.74970E-1
1.74870E-1
1.74840E-1
1.74800E-1
1.74760E-1
1.74720E-1
1.74680E-1
1.74570E-1
1.74550E-1
1.74510E-1
1.74460E-1
1.74410E-1
1.74370E-1
1.74340E-1
1.74250E-1
1.74210E-1
1.74160E-1
1.74120E-1
1.74090E-1
1.74040E-1
1.73950E-1
1.73910E-1
1.73870E-1
1.73820E-1
1.73780E-1
1.73740E-1
1.73700E-1
1.73620E-1
1.73570E-1
1.73530E-1
1.73490E-1
1.73450E-1
1.73410E-1
1.73320E-1
1.73280E-1
1.73240E-1
1.73200E-1
1.73150E-1
1.73120E-1
1.73030E-1
1.72980E-1
1.72940E-1
1.72900E-1
1.72860E-1
