1.77220E-1
1.77130E-1
1.76950E-1
1.76870E-1
1.76780E-1
1.76700E-1
1.76620E-1
1.76540E-1
1.76380E-1
1.76300E-1
1.76220E-1
1.76140E-1
1.76060E-1
1.75990E-1
1.75910E-1
1.75760E-1
1.75690E-1
1.75610E-1
1.75540E-1
1.75460E-1
1.75390E-1
1.75240E-1
1.75170E-1
1.75100E-1
1.75030E-1
1.74960E-1
1.74890E-1
1.74820E-1
1.74680E-1
1.74600E-1
1.74540E-1
1.74470E-1
1.74400E-1
1.74330E-1
1.74190E-1
1.74120E-1
1.74050E-1
1.73980E-1
1.73920E-1
1.73840E-1
1.73780E-1
1.73640E-1
1.73580E-1
1.73510E-1
1.73440E-1
1.73380E-1
1.73310E-1
1.73170E-1
1.73110E-1
1.73040E-1
1.72970E-1
1.72910E-1
1.72840E-1
1.72770E-1
1.72640E-1
1.72580E-1
1.72510E-1
1.72450E-1
1.72380E-1
1.72310E-1
1.72190E-1
1.72120E-1
1.72060E-1
1.71990E-1
1.71930E-1
1.71860E-1
1.71800E-1
1.71670E-1
1.71600E-1
1.71530E-1
1.71480E-1
1.71410E-1
1.71350E-1
1.71220E-1
1.71160E-1
1.71090E-1
1.71030E-1
1.70970E-1
1.70900E-1
1.70840E-1
1.70710E-1
1.70650E-1
1.70590E-1
1.70520E-1
1.70460E-1
1.70400E-1
1.70280E-1
1.70220E-1
1.70150E-1
1.70090E-1
1.70030E-1
1.69970E-1
1.69910E-1
1.69780E-1
1.69720E-1
1.69660E-1
1.69600E-1
1.69540E-1
1.69470E-1
1.69350E-1
1.69290E-1
1.69230E-1
1.69170E-1
1.69110E-1
1.69050E-1
1.68930E-1
1.68870E-1
1.68810E-1
1.68750E-1
1.68690E-1
1.68630E-1
1.68570E-1
1.68450E-1
1.68390E-1
1.68330E-1
1.68270E-1
1.68210E-1
