1.79930E-1
1.79910E-1
1.79890E-1
1.79880E-1
1.79860E-1
1.79820E-1
1.79800E-1
1.79780E-1
1.79770E-1
1.79740E-1
1.79730E-1
1.79710E-1
1.79680E-1
1.79660E-1
1.79640E-1
1.79620E-1
1.79600E-1
1.79580E-1
1.79550E-1
1.79530E-1
1.79510E-1
1.79500E-1
1.79480E-1
1.79460E-1
1.79440E-1
1.79400E-1
1.79380E-1
1.79370E-1
1.79350E-1
1.79330E-1
1.79310E-1
1.79280E-1
1.79260E-1
1.79240E-1
1.79220E-1
1.79200E-1
1.79190E-1
1.79150E-1
1.79130E-1
1.79120E-1
1.79090E-1
1.79080E-1
1.79060E-1
1.79040E-1
1.79000E-1
1.78980E-1
1.78970E-1
1.78950E-1
1.78930E-1
1.78910E-1
1.78880E-1
1.78860E-1
1.78840E-1
1.78820E-1
1.78800E-1
1.78780E-1
1.78760E-1
1.78730E-1
1.78710E-1
1.78690E-1
1.78670E-1
1.78660E-1
1.78640E-1
1.78600E-1
1.78580E-1
1.78570E-1
1.78540E-1
1.78530E-1
1.78510E-1
1.78490E-1
1.78450E-1
1.78440E-1
1.78420E-1
1.78400E-1
1.78380E-1
1.78360E-1
1.78320E-1
1.78310E-1
1.78290E-1
1.78270E-1
1.78250E-1
1.78230E-1
1.78220E-1
1.78180E-1
1.78160E-1
1.78140E-1
1.78120E-1
1.78100E-1
1.78090E-1
1.78050E-1
1.78030E-1
1.78010E-1
1.77990E-1
1.77980E-1
1.77960E-1
1.77940E-1
1.77900E-1
1.77890E-1
1.77870E-1
1.77850E-1
1.77830E-1
1.77810E-1
